10000
166
250
367
559
700
462
53
376
928
429
341
655
392
872
651
460
182
348
389
363
766
945
919
539
748
138
996
650
954
977
402
249
745
576
137
985
490
90
348
85
961
829
438
458
946
104
113
580
93
465
329
504
483
800
556
858
522
858
667
830
854
284
150
888
823
607
158
57
97
143
586
943
805
759
387
736
175
981
799
768
149
934
75
353
271
124
205
430
149
432
536
334
366
312
777
177
667
461
520
807
302
396
325
736
475
320
184
910
884
573
981
301
902
807
108
399
963
739
83
268
579
791
855
473
954
837
717
351
544
302
743
491
894
975
961
65
101
528
996
897
595
70
243
98
273
919
125
289
686
479
258
730
283
821
302
592
704
979
924
575
824
265
835
309
964
792
279
370
449
128
654
908
728
858
520
318
846
517
944
493
778
352
278
472
965
574
681
721
880
866
170
879
318
247
858
469
503
658
460
944
825
221
237
815
906
253
860
528
953
730
160
384
687
173
225
814
290
867
767
719
926
409
304
300
760
422
794
487
196
314
471
562
334
537
397
515
180
964
275
202
328
912
516
160
70
640
269
414
439
398
576
153
313
165
369
958
136
807
442
971
452
222
509
280
248
160
870
789
177
80
236
444
241
768
282
170
866
236
773
965
853
422
556
764
989
159
718
186
352
894
979
283
663
242
773
883
690
735
81
483
304
78
940
297
236
188
955
449
644
387
980
937
413
117
624
739
868
558
433
262
719
234
859
318
350
505
730
790
483
490
159
326
813
755
643
320
799
74
749
713
914
802
480
248
221
707
235
472
563
544
98
438
719
153
930
662
189
99
693
668
989
841
687
868
802
843
681
764
479
148
667
156
233
724
842
932
651
564
216
253
159
978
388
268
765
429
445
361
220
422
540
995
933
579
979
835
826
230
825
767
446
869
630
516
367
647
210
178
392
484
580
480
311
893
182
840
863
392
818
199
433
581
961
764
950
280
812
711
555
772
943
737
318
362
299
542
571
953
555
583
239
640
814
881
209
352
326
76
126
425
480
807
876
164
84
939
116
155
449
708
972
122
251
261
315
231
791
433
717
952
804
244
830
516
516
275
479
860
131
221
406
888
679
336
901
169
258
90
278
97
844
836
765
903
979
223
955
270
506
158
338
455
237
976
127
662
536
914
495
425
958
614
925
85
939
719
816
135
916
65
439
566
246
518
718
737
743
654
364
486
729
88
894
674
278
942
112
856
54
351
989
864
692
285
614
529
555
496
58
171
143
754
810
345
334
475
976
875
139
725
933
698
551
183
398
435
573
356
431
136
343
280
489
703
203
179
802
121
185
911
736
200
185
399
479
424
813
514
774
315
543
456
987
584
948
376
784
775
252
212
925
809
931
961
983
169
185
581
612
69
774
460
293
767
907
968
331
449
442
897
987
946
793
902
241
538
877
949
362
559
211
806
650
155
966
793
143
346
407
73
611
710
589
673
635
717
513
795
218
89
782
208
467
340
257
818
234
704
829
682
790
123
287
976
116
646
572
409
321
260
338
697
903
853
827
566
691
235
626
587
181
53
121
460
837
907
534
638
822
252
98
473
808
830
302
803
940
424
854
933
372
561
163
275
61
529
611
245
103
947
182
170
934
806
66
488
893
878
541
763
858
420
360
733
277
834
956
631
773
53
296
133
770
295
686
666
473
387
701
271
639
422
397
599
814
86
387
456
403
747
344
793
92
822
367
423
992
196
416
99
490
710
223
524
966
235
986
152
823
932
918
930
534
824
343
652
917
456
175
200
329
216
227
111
924
261
621
85
550
490
457
68
789
287
639
510
236
295
188
907
687
228
481
873
63
402
638
344
821
905
91
456
743
523
609
834
887
214
112
940
848
956
958
613
278
321
57
507
782
600
752
104
599
419
770
909
972
156
958
893
693
817
52
408
821
868
662
752
580
469
720
805
425
210
772
747
301
399
68
971
794
781
924
497
99
952
934
697
206
791
866
863
434
800
905
647
112
215
955
344
259
735
156
550
51
279
61
810
320
644
650
305
54
521
988
912
998
585
232
692
581
827
686
351
612
664
395
901
770
671
176
566
192
909
339
957
952
706
136
171
326
805
506
544
589
582
581
316
293
848
794
602
258
696
95
356
483
743
679
542
96
642
63
704
298
450
431
951
823
668
925
355
459
379
443
945
733
664
398
536
122
269
103
85
888
289
76
405
206
833
701
552
434
509
438
706
694
79
979
137
731
545
875
798
230
276
876
837
228
854
327
685
91
556
625
71
360
255
253
876
222
513
924
108
80
165
258
217
964
411
86
574
178
210
79
469
403
966
744
740
892
621
663
979
238
196
712
317
974
697
617
782
537
336
224
103
286
190
969
186
578
294
657
565
971
987
365
172
103
685
203
339
232
880
416
314
557
91
185
826
585
444
532
758
292
987
655
940
656
337
377
620
326
274
932
912
903
716
121
526
459
402
153
197
960
527
140
638
198
93
717
524
747
544
500
749
520
736
256
184
369
285
849
117
529
242
336
851
204
245
177
357
363
793
376
491
51
279
272
890
546
117
96
278
390
433
61
186
877
142
273
306
393
270
311
234
538
309
826
760
91
288
326
605
677
492
601
127
365
684
676
239
599
77
381
306
898
971
179
639
985
164
718
640
909
645
733
632
462
236
892
493
308
397
515
465
161
90
478
714
590
101
136
165
896
563
347
256
873
156
343
729
317
847
140
257
570
165
994
630
203
925
974
646
513
416
438
557
601
52
472
994
794
411
899
74
961
99
667
695
910
260
698
435
342
888
84
265
101
577
909
787
967
344
663
615
563
965
573
918
307
781
311
821
440
409
291
89
506
386
184
809
179
993
362
51
215
701
771
769
109
358
444
655
316
436
660
390
308
265
550
742
783
586
599
927
234
942
558
153
821
394
954
760
149
192
932
375
939
470
419
301
850
837
448
410
558
176
327
734
242
88
374
93
71
465
50
792
210
370
870
189
121
982
317
397
56
615
304
663
427
321
460
723
155
889
202
668
731
544
994
214
93
240
209
346
973
443
149
572
616
365
356
418
884
673
298
846
906
326
584
924
422
895
802
875
328
609
924
96
894
60
783
590
712
668
701
82
924
291
818
656
127
698
589
127
552
853
471
269
216
546
366
398
440
382
788
89
664
166
917
528
383
949
920
833
704
826
593
581
679
308
623
354
702
787
206
932
551
902
622
747
631
722
736
550
479
856
64
690
63
270
266
930
964
746
111
406
748
349
512
404
561
931
128
483
602
685
894
102
299
727
362
477
949
245
429
896
79
320
859
724
527
808
766
250
162
607
696
699
393
715
420
640
290
206
868
165
235
559
526
736
790
972
106
474
312
353
371
925
491
304
711
852
448
250
783
941
169
996
505
526
900
648
564
583
159
693
729
450
780
505
329
689
659
674
398
535
397
203
89
379
150
851
519
937
334
218
84
167
957
65
488
564
975
864
214
399
626
600
95
370
670
403
313
437
372
315
669
653
347
855
248
217
840
222
882
413
66
984
722
58
511
646
782
474
213
216
975
91
676
274
565
912
54
360
812
209
976
497
617
774
593
215
474
267
917
226
760
301
716
244
719
795
882
815
601
228
817
621
825
224
274
72
647
840
448
742
457
361
635
334
817
885
951
738
998
263
349
235
800
381
918
663
176
652
828
247
639
680
974
406
605
837
995
728
891
450
591
789
211
588
723
182
935
86
187
291
967
805
383
562
156
295
313
636
567
423
841
417
909
198
599
753
952
144
982
963
548
485
599
876
789
431
179
960
325
760
135
306
709
112
723
567
431
801
78
151
240
751
938
114
104
842
970
718
778
127
961
676
660
308
508
223
61
237
75
294
88
680
157
407
272
328
165
100
679
919
762
771
936
992
636
107
956
417
141
780
981
449
783
679
53
829
567
540
940
769
88
517
590
642
380
619
980
696
515
140
719
90
131
839
98
549
402
54
469
129
113
791
82
204
662
339
164
176
118
442
908
341
156
220
951
716
658
156
151
261
748
99
605
264
444
536
878
284
289
397
293
971
382
454
57
453
146
985
696
143
972
986
185
952
499
857
813
977
566
121
280
212
640
998
221
850
449
344
917
454
516
839
553
149
64
69
921
684
283
129
860
160
708
572
104
868
694
113
864
253
599
617
108
550
158
512
171
124
447
308
668
999
677
384
126
63
862
290
937
583
699
990
148
683
434
627
854
155
51
671
169
582
818
259
208
958
609
123
225
224
436
566
158
910
879
505
948
134
131
403
644
381
109
614
972
733
850
893
953
727
560
582
980
657
323
654
334
271
316
376
982
982
141
526
563
369
170
67
939
456
232
423
514
222
799
158
785
950
614
373
548
932
171
987
730
410
104
103
120
984
502
54
581
52
995
291
248
500
245
506
265
352
629
565
182
640
649
582
114
808
344
746
424
632
505
125
891
673
901
956
706
982
477
360
393
98
477
520
393
203
513
360
276
290
881
389
446
517
758
463
467
816
247
613
464
746
146
133
475
440
659
647
921
490
473
370
69
904
958
167
347
961
796
996
106
568
109
200
652
714
142
499
420
199
439
705
878
896
319
869
465
165
233
984
161
165
734
515
485
141
389
860
941
849
590
249
350
631
214
487
233
820
599
144
628
290
649
238
263
671
451
725
824
571
58
474
343
796
164
688
212
268
196
721
670
706
384
78
64
912
193
297
913
723
924
650
938
939
981
229
647
448
181
678
895
467
808
522
523
549
112
664
275
728
712
900
686
671
666
174
425
671
126
165
387
451
845
814
752
186
219
253
293
237
949
186
501
250
361
734
551
357
627
580
228
720
79
628
330
592
375
746
849
529
927
197
589
974
931
577
645
76
797
128
854
606
604
194
468
272
784
662
457
459
354
206
663
498
564
664
436
909
50
173
200
751
582
552
631
962
105
312
871
214
282
54
73
420
287
591
786
522
193
994
776
115
660
304
953
386
331
474
169
135
635
513
175
433
372
199
989
273
230
703
583
716
856
838
836
993
114
495
465
680
803
56
411
751
74
707
887
65
979
187
307
769
388
980
818
728
932
225
327
149
499
834
570
297
627
261
530
687
212
56
989
634
920
641
366
463
421
236
119
227
192
467
363
179
247
179
770
357
137
412
520
427
925
432
83
896
925
446
640
607
860
343
699
58
204
775
603
201
131
485
756
656
882
869
404
599
265
344
489
392
925
670
216
176
588
670
546
430
153
487
81
515
719
638
126
739
136
511
265
336
289
614
218
782
654
742
394
533
304
146
394
347
622
565
355
296
787
392
390
852
568
955
346
882
89
163
942
372
524
125
290
434
57
849
874
78
776
480
560
353
399
745
308
617
689
894
492
917
771
739
797
473
283
517
556
202
102
887
931
725
370
929
146
303
957
634
638
865
341
171
872
501
919
898
459
504
525
457
135
925
623
903
806
457
698
639
498
594
201
419
954
425
963
959
110
524
813
617
612
941
183
248
863
962
355
296
380
671
546
127
569
78
891
607
570
178
258
198
844
661
358
98
949
784
82
200
223
550
553
902
753
261
312
329
565
275
290
551
138
863
753
148
290
583
747
146
901
559
611
57
475
483
923
630
726
104
173
297
495
888
170
910
835
943
673
208
205
65
732
390
775
400
608
703
991
887
209
415
431
321
400
710
861
396
610
380
782
739
746
942
197
946
873
565
405
770
439
674
708
506
195
927
564
768
800
127
70
933
726
674
181
110
812
253
268
608
441
321
655
589
290
133
487
106
868
161
472
308
241
102
610
288
207
209
455
657
176
766
131
303
448
481
266
712
268
289
981
753
850
615
660
241
189
376
362
228
721
900
450
757
407
348
739
621
630
735
361
350
701
68
228
260
850
467
942
163
764
998
849
710
899
480
215
142
199
358
429
956
90
791
51
828
231
62
874
456
299
51
100
162
894
890
126
437
302
77
305
338
645
276
359
296
811
846
502
684
109
367
559
429
292
479
166
850
931
577
856
858
544
962
993
384
287
332
238
832
528
349
357
79
116
735
354
855
494
600
283
399
340
963
978
519
942
711
572
816
141
694
340
278
339
629
736
628
528
430
450
547
703
99
293
564
231
813
51
848
960
431
285
386
925
94
229
543
482
532
421
343
119
733
464
511
221
170
933
778
598
776
624
105
418
766
504
262
610
904
367
112
785
167
886
406
195
720
941
78
59
708
377
839
827
665
160
288
625
675
649
922
350
518
524
388
642
791
630
248
244
730
674
252
345
694
813
741
590
121
356
577
816
263
283
552
445
736
807
695
644
332
664
528
825
893
669
804
915
587
487
646
490
582
806
230
390
903
798
187
429
786
627
849
830
935
803
970
555
295
574
171
795
692
844
478
273
101
139
448
929
828
748
250
152
575
817
285
924
915
767
352
686
802
833
706
661
79
286
440
576
699
973
417
334
270
647
411
315
911
630
636
705
513
684
998
259
504
667
186
62
893
217
927
989
753
539
633
237
792
606
988
247
768
884
146
164
162
298
436
300
575
285
776
887
876
186
654
124
581
795
611
292
626
802
384
458
730
656
853
447
449
632
540
430
530
220
869
947
642
997
316
390
519
520
354
367
257
142
101
397
676
961
90
239
748
287
301
963
721
778
350
860
53
796
508
782
313
122
646
643
68
467
596
901
379
543
67
117
119
780
731
147
551
563
275
308
135
860
83
407
805
250
317
495
917
461
810
711
898
620
525
776
154
830
633
959
344
600
325
502
388
282
137
399
930
328
972
146
348
510
979
981
970
419
640
508
112
598
785
624
445
236
136
904
166
256
482
216
495
311
759
355
902
388
255
773
128
77
115
113
700
89
127
253
251
728
650
180
835
451
718
821
648
176
819
209
300
731
742
628
228
609
467
800
585
121
556
519
76
194
633
72
997
265
417
946
95
211
885
304
683
464
451
125
898
930
104
655
609
134
711
734
176
833
212
820
986
272
899
275
656
516
364
746
212
536
533
896
293
592
282
910
241
451
387
484
85
729
288
102
229
167
544
388
825
805
125
690
182
209
946
683
616
721
588
285
846
791
151
494
89
349
677
874
917
941
895
139
127
909
193
688
139
82
956
598
408
930
623
67
171
176
380
79
94
620
643
119
778
167
888
255
212
85
237
485
909
76
961
702
549
972
976
440
590
201
240
761
597
793
720
277
186
382
662
864
590
520
801
496
124
367
650
989
420
79
89
921
253
444
307
216
474
699
189
552
913
773
210
758
976
627
649
650
670
664
491
140
233
507
130
580
666
858
153
663
737
924
305
399
523
689
975
570
891
559
604
554
876
934
731
736
701
942
122
582
839
891
617
943
665
747
534
504
99
568
975
883
755
424
288
993
785
485
805
419
952
105
136
208
219
157
442
69
461
730
957
330
913
903
289
77
419
673
341
307
59
981
584
637
561
692
707
868
194
901
764
276
361
409
731
504
558
379
268
827
824
477
697
906
249
358
395
918
733
262
776
606
905
68
468
797
916
734
716
259
391
823
155
603
217
88
345
777
919
393
334
773
867
280
653
808
844
167
958
221
942
609
458
174
680
865
897
555
977
218
814
237
213
826
847
116
516
962
209
422
564
474
548
968
711
890
711
685
476
397
722
366
57
253
640
897
508
284
886
523
599
575
278
157
85
348
447
354
864
844
558
367
907
171
143
749
670
618
210
347
69
611
934
70
811
521
305
947
594
114
745
700
828
411
942
633
68
499
948
237
692
592
834
382
654
973
705
699
921
523
535
504
127
610
99
391
628
800
493
273
784
196
96
919
891
759
96
227
156
616
221
203
248
828
663
565
987
526
418
495
204
975
91
878
65
402
404
896
975
436
606
287
842
516
410
515
728
864
111
886
490
161
56
55
140
533
208
247
413
299
314
747
212
904
184
317
102
309
437
116
649
731
922
107
737
759
927
557
888
367
60
924
355
176
262
611
913
656
336
256
124
443
967
82
169
772
301
162
695
130
973
656
224
533
836
749
882
523
368
174
752
129
806
208
257
358
841
792
879
538
887
149
59
325
78
910
777
265
144
475
510
735
75
924
154
260
922
989
239
724
797
336
360
697
606
817
477
913
552
75
605
709
806
59
630
469
780
484
493
268
814
354
739
453
197
339
575
916
436
801
421
410
453
828
991
492
617
92
974
192
477
54
190
546
292
244
257
60
405
174
874
386
69
877
227
983
802
857
234
734
841
90
917
659
620
118
269
792
758
680
697
201
871
378
91
110
513
711
950
252
410
347
658
109
219
699
75
633
352
80
256
744
671
151
636
148
298
142
495
787
578
84
106
513
539
271
933
674
968
412
626
910
394
269
242
847
351
111
999
64
227
480
585
532
53
787
425
199
929
486
187
908
225
484
981
674
110
894
181
578
771
398
464
651
238
831
436
760
183
462
272
602
293
573
156
354
551
310
598
794
557
779
376
779
105
340
940
162
375
854
845
864
712
912
754
529
398
883
903
746
809
901
402
196
628
432
523
243
709
846
150
465
282
474
537
546
675
228
390
861
592
791
187
476
436
417
267
130
441
919
170
66
375
958
942
380
825
500
387
306
849
952
896
715
771
832
174
670
567
68
534
270
54
437
599
962
250
112
755
563
79
401
215
825
640
983
794
218
293
445
912
84
450
699
100
693
749
797
96
722
460
84
445
702
217
734
831
834
217
539
90
946
262
468
991
255
616
361
993
889
346
264
985
632
253
641
817
110
939
977
497
507
820
509
731
704
924
998
129
79
145
821
846
391
306
610
595
997
937
493
906
62
598
334
191
661
853
278
221
287
782
165
145
845
213
641
145
406
268
623
60
274
663
728
950
528
405
201
348
588
225
892
171
139
659
317
709
868
621
132
983
593
517
224
374
406
761
208
478
354
885
520
242
794
956
580
623
75
875
483
946
874
331
721
894
656
819
923
226
156
464
744
949
994
516
85
741
556
771
119
160
178
700
907
174
107
92
350
523
430
740
206
755
327
343
473
738
270
259
288
662
619
159
849
724
374
320
199
485
506
702
689
126
602
869
854
784
92
516
539
255
491
350
937
116
536
597
65
629
480
469
191
611
977
103
622
422
448
64
527
811
381
690
553
770
609
657
250
684
548
136
335
353
674
459
533
356
529
867
821
428
369
401
682
498
241
709
517
442
365
438
787
425
599
290
747
146
157
670
481
415
307
286
930
895
278
522
540
668
296
604
671
638
879
75
952
365
569
492
634
467
317
77
514
398
416
951
122
459
599
512
250
750
848
924
537
417
522
682
888
597
141
858
592
473
331
540
432
835
813
440
384
747
738
809
681
380
212
618
837
714
163
665
175
521
672
193
721
522
468
970
685
489
195
279
796
295
63
745
257
560
617
141
433
531
314
593
805
445
259
451
637
163
777
80
459
107
631
65
909
485
96
984
112
217
561
771
932
129
812
890
809
194
347
210
405
88
909
906
935
618
747
613
585
441
169
997
578
94
298
935
559
166
83
437
342
395
109
545
419
161
812
284
512
308
769
294
612
898
351
495
865
136
748
301
200
400
300
731
192
144
705
131
291
305
198
944
294
851
575
193
626
80
495
792
890
577
663
797
169
997
337
236
457
304
569
247
849
589
175
380
778
435
192
615
759
670
147
591
903
188
306
883
591
653
468
107
784
654
227
345
790
718
929
241
477
478
908
911
409
66
726
346
794
659
346
63
166
216
272
351
306
453
854
992
94
114
521
307
167
699
329
445
399
813
550
201
354
532
830
823
160
323
630
132
885
397
347
500
571
476
890
495
134
268
577
128
876
385
878
53
737
710
54
467
338
507
744
702
684
930
162
871
895
51
832
384
269
272
540
995
923
815
317
842
271
294
222
863
886
861
291
249
160
374
561
931
89
211
633
905
257
383
139
242
96
119
197
890
729
67
160
243
840
202
936
356
64
190
892
416
932
555
710
220
702
428
709
499
773
142
953
901
976
876
876
759
293
136
787
909
442
259
603
71
672
991
404
322
503
81
334
256
734
220
343
247
355
614
391
392
174
608
221
527
788
363
928
427
77
931
221
415
560
278
431
710
822
993
838
889
489
878
521
389
788
633
144
539
503
154
967
922
217
235
883
429
482
603
110
402
505
819
908
683
78
444
371
138
67
227
549
798
437
750
284
923
417
393
807
530
318
242
382
240
676
859
665
449
770
937
655
420
224
272
735
874
956
772
859
835
118
437
940
383
303
366
450
795
919
324
304
344
800
876
405
925
699
293
439
873
223
465
783
164
679
310
888
66
182
906
190
597
629
911
588
240
697
930
870
821
634
714
597
583
857
999
951
559
353
209
746
837
932
455
251
818
998
325
958
60
795
861
737
369
457
916
900
724
778
201
281
266
618
335
247
786
983
311
710
743
503
762
943
155
909
750
939
447
87
928
303
574
839
698
823
642
997
692
306
503
286
278
415
721
204
93
228
490
936
914
929
313
647
756
806
668
671
530
762
976
230
476
590
928
330
102
386
525
589
322
814
699
860
55
159
68
272
407
796
421
179
666
371
258
77
830
502
904
194
76
287
396
745
265
892
302
976
231
487
154
952
242
422
74
935
214
612
530
308
743
708
621
986
347
683
536
661
311
909
237
807
783
649
723
251
488
527
320
825
648
757
924
420
410
232
749
906
874
141
892
466
357
268
952
557
497
936
391
806
580
870
697
846
353
652
763
844
417
786
730
914
425
365
880
559
310
758
291
462
986
686
850
601
661
862
887
498
57
648
438
970
299
836
504
789
360
992
660
153
75
186
283
373
306
131
879
141
698
686
170
954
110
363
694
551
357
535
621
955
532
120
961
72
505
617
990
638
305
821
169
571
426
313
122
934
954
387
351
121
554
111
673
266
77
155
540
492
602
717
632
895
407
553
821
835
539
199
460
417
515
121
581
396
720
920
458
66
801
280
759
230
444
678
95
725
239
472
567
604
792
215
396
300
931
117
879
183
307
356
142
229
352
531
974
486
764
648
126
118
751
615
825
481
116
356
191
885
229
302
120
408
409
80
922
713
191
462
858
101
852
109
690
880
351
868
810
543
546
920
765
891
534
351
272
135
276
504
944
794
135
989
83
53
182
576
101
592
168
267
644
401
806
140
124
764
210
231
120
581
732
387
759
263
515
680
832
925
607
259
768
281
964
880
292
246
350
521
220
167
887
920
163
651
412
676
198
153
347
520
201
449
309
219
571
400
843
282
502
481
688
213
658
417
505
506
650
161
317
223
971
621
445
374
732
448
136
73
483
102
196
482
293
615
96
358
923
618
997
368
293
503
509
587
350
785
275
209
441
841
245
150
767
512
257
602
541
634
555
334
660
865
710
285
138
917
470
341
479
678
447
74
471
720
974
962
372
62
881
934
342
92
129
706
497
445
321
581
431
124
571
714
986
789
594
413
365
830
510
620
427
729
686
514
171
465
679
970
480
998
645
558
266
810
671
363
833
216
246
742
853
616
148
443
953
442
338
52
755
751
820
272
325
648
496
715
171
142
76
205
952
297
826
305
558
897
920
411
755
149
341
294
639
302
577
532
193
464
479
551
678
158
247
871
951
210
256
731
551
611
744
394
838
137
334
177
634
489
473
801
268
329
307
724
693
855
822
345
423
807
99
516
153
336
909
389
714
746
376
767
813
834
63
411
705
998
568
785
670
873
363
875
548
421
853
391
160
317
280
412
803
726
813
539
317
476
319
753
674
876
250
210
101
589
779
411
820
736
428
330
624
783
665
442
641
227
710
503
102
452
895
647
323
558
590
234
684
285
863
705
612
61
505
808
958
980
186
907
697
108
360
231
337
944
260
295
953
556
205
782
196
656
694
746
761
693
938
512
869
534
369
183
355
534
735
890
145
714
800
430
985
220
543
731
213
63
602
262
423
236
596
268
347
92
330
859
253
60
686
922
845
883
786
599
489
503
512
466
342
105
738
470
700
352
902
203
255
514
877
687
510
372
434
53
844
820
506
506
723
403
108
892
407
875
116
985
287
178
72
415
515
795
724
566
256
341
180
926
85
532
610
390
750
913
279
786
731
781
261
149
401
226
209
247
459
247
410
583
588
240
840
916
871
810
997
394
368
842
400
348
861
692
910
257
979
495
272
259
522
980
887
639
999
505
735
827
992
373
402
268
813
768
344
959
609
448
877
292
471
570
240
287
399
736
855
477
902
571
498
751
768
97
293
726
862
377
353
120
599
340
434
486
205
523
220
560
845
254
375
113
733
889
897
538
490
166
544
871
606
334
72
813
311
504
105
725
71
274
581
496
438
484
613
95
600
639
378
820
629
938
484
220
461
201
949
120
856
380
266
226
458
883
383
470
317
868
631
975
581
659
812
288
830
444
681
384
355
160
931
207
59
73
322
815
617
503
959
990
606
639
59
426
440
375
147
248
935
712
827
760
331
829
756
765
608
102
271
250
133
424
70
439
211
514
705
194
818
461
355
944
894
429
248
734
738
94
68
923
597
225
219
794
381
425
382
331
668
982
967
991
111
921
210
264
370
549
641
425
683
250
130
559
331
980
404
902
231
580
111
59
598
102
382
606
365
760
537
226
943
173
981
983
70
289
471
946
362
569
504
902
791
337
941
744
365
313
570
759
311
112
764
654
461
407
120
977
723
239
70
426
796
554
341
354
729
763
444
624
996
248
354
528
499
860
509
599
651
622
375
715
334
508
438
881
743
358
627
600
130
225
336
678
495
891
396
975
446
748
400
677
519
846
442
239
559
847
990
896
243
938
552
862
838
596
135
668
311
565
927
920
396
238
533
858
856
458
776
354
954
537
525
354
883
268
197
430
56
440
704
488
492
896
795
601
682
220
900
886
591
167
988
303
248
190
927
380
295
489
835
308
272
911
295
622
996
909
688
52
276
678
63
401
691
247
411
379
925
188
228
289
162
821
631
778
576
82
383
416
883
911
350
218
930
825
994
546
843
859
497
919
280
897
836
977
851
723
376
801
691
879
974
737
912
685
870
526
934
756
510
538
559
920
526
606
539
893
249
597
683
274
132
662
691
936
894
186
695
403
219
950
260
982
741
70
450
878
619
932
390
391
575
502
248
124
152
619
369
832
888
335
406
874
838
193
240
531
141
282
293
603
284
665
615
954
126
685
533
720
880
296
880
608
786
972
398
791
757
303
816
68
246
601
517
102
94
619
888
689
255
494
753
716
981
870
558
346
630
686
107
575
683
193
124
184
860
265
401
416
822
622
656
155
233
137
534
305
522
379
131
808
742
962
870
600
807
637
399
620
539
284
75
831
451
358
515
209
133
258
699
991
877
423
344
651
447
677
923
156
716
699
372
316
787
325
699
995
974
85
437
931
819
210
957
593
671
389
889
405
252
812
534
322
878
220
264
650
320
255
943
333
371
908
554
474
658
220
486
665
206
844
739
569
847
175
626
497
437
820
469
878
383
911
501
157
429
788
158
945
780
916
178
794
635
378
759
133
94
259
848
611
796
861
55
164
138
675
713
535
444
196
788
900
221
375
988
287
387
352
204
547
439
571
616
120
800
482
131
574
229
52
579
674
758
805
955
995
571
144
147
676
793
536
310
508
866
846
578
815
255
441
709
614
994
486
951
868
601
724
927
925
690
606
510
550
821
673
96
448
641
735
997
700
475
444
129
593
448
217
805
87
937
892
470
193
830
70
116
201
590
397
777
224
783
92
124
656
699
729
166
752
599
376
734
697
375
309
670
169
547
151
133
952
604
51
87
396
829
95
250
236
430
571
766
216
788
191
395
651
607
364
83
919
158
980
915
460
319
876
688
860
595
827
170
887
691
824
891
333
553
669
404
810
228
614
635
498
706
704
314
458
74
420
409
637
528
698
62
752
697
386
61
226
484
156
785
329
192
311
457
830
504
865
316
120
913
146
421
349
679
477
572
989
164
218
63
181
674
326
375
193
337
879
400
576
59
91
354
83
927
644
268
928
449
867
683
83
479
633
179
687
344
889
905
154
975
801
416
285
886
984
258
139
840
389
378
442
790
906
541
930
269
209
857
840
58
155
373
596
219
392
447
574
750
358
326
173
873
625
592
618
504
337
782
660
807
923
429
299
197
845
74
668
535
887
620
692
315
193
156
655
682
996
629
436
684
662
947
513
366
67
538
257
150
508
765
112
134
149
874
777
265
594
745
756
199
979
95
872
715
471
803
360
928
702
986
481
216
250
976
457
53
890
552
511
233
885
71
780
388
431
376
651
447
890
494
970
681
437
888
495
505
155
903
282
119
691
515
330
959
933
104
202
161
497
165
86
976
585
404
954
746
294
446
458
677
70
152
119
108
820
850
91
833
849
952
652
133
58
883
481
598
634
414
916
958
354
334
99
800
515
782
306
845
455
52
794
103
429
82
246
284
793
874
475
501
240
765
446
636
707
148
819
832
714
465
855
742
436
382
61
938
376
665
532
961
503
125
925
609
570
235
289
614
387
840
852
676
778
869
299
933
964
267
641
445
561
918
755
459
81
119
453
575
655
628
368
404
943
843
264
641
938
194
697
349
72
483
573
259
928
125
654
209
401
856
218
234
834
754
139
267
477
234
377
79
198
409
901
822
819
925
963
786
616
935
698
330
698
961
528
895
141
469
590
467
648
559
735
140
637
628
759
977
954
933
471
395
486
335
507
904
61
211
682
321
377
453
647
72
237
86
428
130
661
109
304
499
977
524
991
242
348
240
992
242
75
132
825
247
797
634
790
490
291
535
498
556
480
563
812
128
826
972
287
65
905
715
770
970
770
917
303
905
521
547
873
178
622
696
84
919
312
538
832
101
401
391
492
303
156
165
671
601
59
108
405
875
285
846
83
744
929
719
844
445
224
50
449
792
460
863
356
567
633
163
585
609
595
452
743
469
481
849
928
395
743
899
752
886
506
670
184
404
310
72
327
763
296
886
669
716
907
881
136
712
148
668
436
194
373
170
520
752
188
699
689
119
962
322
895
984
874
229
779
655
757
318
620
370
747
233
661
827
866
489
948
437
53
979
948
680
698
430
947
305
495
108
140
712
119
970
215
142
804
988
865
77
170
478
468
353
349
249
920
378
861
339
456
305
919
424
928
786
725
907
657
820
265
564
88
984
471
235
997
414
370
495
128
226
775
755
763
264
257
712
200
862
885
81
769
922
605
399
299
580
181
705
830
71
93
896
825
840
101
446
813
187
608
288
329
385
80
569
286
168
130
734
986
212
192
572
988
686
931
287
121
545
562
231
624
890
758
739
920
958
125
444
615
774
543
106
470
177
927
709
989
532
908
111
463
430
654
551
965
727
386
742
505
385
984
127
980
471
69
390
571
251
496
547
300
568
166
112
132
326
866
184
174
610
939
242
681
685
858
238
231
539
194
806
153
729
581
384
231
414
942
150
523
254
704
724
521
655
866
89
861
962
657
805
230
361
63
782
571
440
399
955
659
657
148
938
365
310
637
684
899
223
901
773
127
630
446
439
929
519
263
665
126
212
166
230
199
843
231
300
523
538
293
493
371
235
485
194
215
240
659
954
881
377
248
806
605
683
650
989
633
60
64
237
346
443
398
597
317
693
547
837
330
328
351
78
842
823
455
602
953
648
406
141
639
143
677
723
994
969
479
157
555
175
692
587
369
133
956
545
756
664
260
800
770
385
135
265
866
665
240
661
988
941
494
371
201
384
545
651
568
467
134
813
201
168
938
157
545
393
88
786
369
969
333
604
763
440
376
820
582
734
836
267
867
509
231
603
63
327
81
954
497
571
958
65
567
899
289
981
823
880
242
544
642
499
711
801
675
865
201
467
730
870
239
956
153
94
973
947
246
572
814
177
164
565
426
452
742
801
207
298
325
737
923
152
681
215
499
290
759
494
534
796
858
425
421
940
939
976
259
413
570
863
252
645
184
411
268
282
345
442
341
136
100
540
831
415
440
168
567
694
727
812
713
335
883
872
484
468
612
508
966
88
264
702
949
666
512
645
204
343
669
537
616
654
967
693
548
523
577
441
722
912
507
92
269
657
589
812
203
540
320
455
537
752
678
75
940
371
617
434
59
817
772
568
312
328
630
271
693
300
305
777
889
551
253
104
935
515
57
913
106
110
556
892
310
88
752
399
369
987
708
186
419
364
303
320
275
980
191
921
153
235
791
217
858
928
169
923
635
140
596
545
147
793
895
311
550
501
718
360
340
260
200
432
258
667
216
601
743
885
398
501
452
599
107
882
384
83
735
905
337
877
987
131
309
731
761
346
953
569
195
977
620
312
983
479
698
589
301
270
195
916
163
141
188
903
523
765
932
589
200
244
601
367
916
137
382
338
680
954
331
172
989
305
478
949
180
761
938
711
828
389
637
430
679
416
460
553
347
178
772
452
166
603
854
311
963
862
659
871
507
272
916
251
500
978
325
654
283
298
113
312
859
509
508
372
294
632
747
710
964
584
794
136
825
519
575
691
237
377
521
772
668
152
933
104
336
831
781
79
106
921
265
834
918
219
211
987
225
522
423
86
942
782
85
702
119
341
574
932
524
874
647
266
351
289
732
495
243
206
132
177
982
569
530
518
631
69
448
943
306
238
913
256
184
903
809
580
493
81
511
293
337
220
817
271
692
932
903
50
908
85
195
341
876
960
717
311
322
393
972
928
545
514
483
826
252
376
191
524
147
97
449
456
647
722
418
286
127
899
87
272
332
89
290
314
236
613
417
378
803
901
391
999
505
501
561
335
207
356
827
307
153
256
408
197
916
434
974
415
60
325
477
698
554
444
267
816
797
998
719
622
937
826
679
750
494
352
336
193
329
181
566
297
235
190
589
424
973
496
945
994
529
999
659
664
540
886
528
548
257
145
208
808
319
234
878
750
709
221
499
193
487
429
743
598
504
82
765
554
463
627
621
202
335
70
200
240
978
233
967
106
772
92
500
494
771
196
195
929
579
983
288
982
893
189
894
547
856
547
74
297
964
600
880
453
805
915
953
747
590
287
446
183
631
452
105
691
453
424
280
997
908
842
644
234
532
468
711
281
211
351
556
140
428
926
276
408
726
723
853
679
401
263
373
566
209
229
116
585
837
992
109
355
973
954
695
581
449
861
225
271
772
933
161
374
118
918
341
536
593
611
476
694
397
528
893
153
446
695
980
386
108
881
214
499
273
966
344
314
500
831
414
599
885
649
922
292
107
449
431
698
183
112
944
117
824
720
604
820
821
164
53
586
649
769
601
579
369
788
140
525
308
892
318
141
420
657
691
118
960
185
225
959
654
108
643
454
869
729
806
675
995
53
304
510
964
86
249
720
447
445
399
312
57
464
352
548
542
398
398
901
406
103
536
744
867
239
771
718
530
573
241
996
565
733
479
807
841
655
484
872
871
371
804
373
647
668
637
590
543
556
298
471
897
737
591
212
826
284
403
973
728
479
611
516
609
188
204
328
438
489
54
631
450
876
775
163
322
893
392
266
214
683
154
355
281
450
836
287
396
154
186
130
578
225
598
784
515
835
892
750
409
410
148
338
646
770
972
870
355
414
110
422
87
555
858
559
807
905
571
341
263
464
163
733
809
480
192
390
913
114
523
527
319
79
739
749
412
306
315
910
447
611
573
325
364
446
649
378
934
323
381
182
81
597
985
757
664
108
673
390
260
757
117
922
653
515
971
925
242
65
461
697
99
709
632
869
714
645
443
390
465
592
189
879
923
258
254
116
370
647
340
476
819
327
654
331
513
703
50
222
412
58
662
350
97
552
583
725
572
754
437
220
586
435
797
464
946
383
67
664
525
294
52
60
542
851
585
836
622
722
112
701
55
936
321
248
136
490
598
551
812
613
125
517
739
231
971
683
603
503
221
427
989
405
312
399
638
651
472
358
983
266
506
260
929
444
498
520
62
127
236
625
786
941
577
310
193
245
532
839
892
469
865
363
525
709
150
236
279
851
372
808
225
577
76
986
921
69
635
288
937
878
710
148
269
233
968
167
775
737
72
600
967
869
517
635
838
704
413
77
540
757
128
725
89
769
809
165
165
85
608
785
622
765
693
924
433
926
219
110
618
554
775
795
257
408
201
275
911
227
543
127
976
133
253
286
333
832
750
102
630
527
258
244
138
700
110
447
519
85
166
411
712
82
494
595
806
550
578
508
337
751
481
742
768
374
564
807
50
390
864
630
741
721
924
573
716
139
90
689
74
98
767
605
470
246
87
870
361
182
842
375
510
803
817
632
410
501
557
321
479
764
836
781
600
502
285
358
702
610
956
698
261
347
536
261
769
437
513
593
828
716
242
364
753
448
761
473
640
153
202
143
537
761
333
164
724
370
280
994
459
677
444
61
272
754
530
84
507
638
112
578
396
255
998
783
609
745
574
328
146
963
277
525
564
176
574
521
476
662
487
525
697
911
624
974
954
180
546
367
617
242
95
626
638
702
750
416
507
250
668
346
798
762
91
130
789
707
800
956
541
895
345
344
871
358
163
95
540
386
368
330
912
939
100
202
51
626
142
869
230
728
935
511
285
810
797
713
295
260
999
136
626
428
513
65
200
671
728
617
519
500
212
207
782
220
225
835
419
180
972
660
893
674
375
756
638
679
897
240
253
808
634
372
934
320
731
491
937
659
857
114
250
631
383
162
520
507
500
921
473
397
494
266
834
781
671
251
649
158
201
197
707
653
322
932
854
415
641
833
586
738
914
399
482
684
813
844
140
893
878
239
493
241
437
950
553
478
533
942
362
64
552
231
665
604
573
454
520
93
970
639
537
557
523
359
728
814
92
970
263
592
167
170
779
334
577
273
614
887
994
687
405
474
868
949
627
629
593
341
866
913
165
80
977
852
788
317
69
106
113
257
745
892
618
515
437
167
344
736
963
557
67
943
963
353
819
589
162
678
195
439
903
542
142
183
647
914
239
525
714
288
803
62
65
794
506
974
721
557
428
225
98
817
411
377
958
474
839
767
700
854
606
709
952
333
248
425
212
252
568
743
445
530
953
603
900
290
169
378
274
871
368
167
295
117
243
595
243
52
219
120
274
453
925
392
805
217
536
210
928
990
670
677
206
514
568
228
545
118
146
906
98
83
881
486
468
413
165
504
59
523
960
806
136
87
816
996
673
305
880
675
793
334
841
506
241
82
941
295
792
496
745
844
648
894
307
846
981
498
143
784
782
177
946
607
848
822
491
444
432
644
446
541
782
821
360
89
527
786
640
190
994
157
320
789
82
689
988
823
320
769
386
84
620
264
336
106
893
556
863
683
146
394
222
705
143
305
580
653
199
645
548
278
836
672
569
204
630
233
230
768
376
767
210
971
153
236
195
426
493
870
584
149
649
674
194
341
922
477
160
272
235
426
283
623
292
91
641
869
947
862
493
948
378
532
515
417
914
858
675
524
126
694
690
631
719
494
431
661
193
843
192
663
980
551
938
750
245
546
342
471
860
310
930
713
484
279
983
852
197
553
312
717
883
133
760
811
174
251
258
563
773
251
983
712
700
214
67
560
65
919
943
486
396
759
737
650
636
870
826
418
901
985
296
80
262
466
82
911
332
705
756
585
54
153
113
821
303
558
215
63
239
873
568
166
577
283
944
490
400
195
51
722
622
482
330
245
115
983
870
480
555
532
754
110
50
621
697
900
560
727
518
226
198
403
226
367
204
296
530
765
164
869
102
388
388
474
69
857
932
351
485
854
918
769
399
851
179
541
174
958
909
803
500
954
631
501
862
871
451
956
55
582
780
708
395
373
116
299
408
963
291
849
763
511
587
729
665
149
322
658
435
259
619
645
904
580
156
319
322
996
466
997
589
546
585
50
152
386
393
154
910
925
603
882
614
665
894
865
345
970
293
779
403
471
398
935
758
235
356
291
330
101
755
593
548
539
276
353
666
383
898
886
785
686
201
327
296
572
360
352
528
470
230
670
54
964
480
791
805
794
684
964
717
240
696
502
871
255
314
782
140
731
860
223
768
489
545
341
483
449
941
307
678
974
652
755
557
819
686
912
518
690
874
298
511
393
569
103
939
286
517
414
466
99
124
738
469
317
695
326
290
227
809
539
537
789
997
740
944
840
379
730
445
915
282
214
905
273
266
843
207
886
804
353
386
516
259
820
493
607
887
598
963
534
196
275
378
930
659
172
498
502
476
213
969
928
761
752
618
96
729
347
987
312
984
181
329
566
749
775
580
61
944
137
709
650
363
187
970
92
762
177
905
931
229
962
228
745
611
588
942
264
661
795
742
783
81
678
912
644
82
764
410
290
196
966
859
292
443
463
320
362
949
228
120
168
615
744
587
154
522
665
981
574
822
494
71
941
673
969
813
235
464
729
988
412
913
861
363
990
759
546
696
943
745
60
397
106
341
641
356
372
184
971
405
858
215
532
116
387
478
175
963
602
88
288
448
793
785
466
620
494
57
930
224
821
631
268
608
651
706
404
685
298
751
163
371
316
681
746
194
193
812
830
838
440
693
539
755
550
857
635
191
906
634
735
959
511
145
907
408
791
410
146
297
982
191
973
465
244
846
740
284
411
151
886
636
985
510
739
321
893
220
622
440
910
146
161
144
916
716
767
79
148
159
758
973
234
448
93
542
261
777
995
850
746
283
570
186
858
608
778
926
126
108
325
355
237
289
169
283
539
797
346
804
757
805
497
289
513
78
461
910
648
210
113
592
246
752
751
310
982
846
230
347
925
727
987
269
432
933
505
758
361
246
623
868
867
392
856
74
426
430
626
493
902
388
707
870
756
550
727
368
468
708
412
800
87
93
596
746
765
821
128
461
209
672
727
552
775
78
156
728
304
640
673
813
171
316
928
97
311
919
527
713
881
203
626
222
817
344
846
261
519
816
780
669
312
598
90
170
948
202
427
102
105
652
367
697
925
973
51
650
507
194
625
971
150
970
233
54
812
505
573
403
370
467
473
872
744
547
240
814
604
630
693
291
109
430
805
665
216
769
709
119
282
977
779
993
509
842
296
580
751
740
893
284
426
358
995
125
828
71
646
889
853
663
302
548
179
926
381
261
563
119
629
399
242
582
447
845
952
640
136
191
735
277
98
235
813
246
645
276
894
898
911
498
910
297
168
70
312
285
63
897
905
343
616
791
665
688
740
403
519
432
103
782
353
995
986
529
302
284
167
434
375
506
404
783
573
507
713
152
966
484
747
371
723
356
502
895
440
623
994
181
698
547
282
415
745
612
495
588
538
983
612
419
398
645
84
262
802
302
104
397
423
684
661
591
535
457
949
509
829
680
431
957
380
449
143
399
195
838
490
901
424
500
556
406
303
303
624
717
303
189
216
322
446
519
980
288
390
328
276
916
836
131
639
790
314
501
780
174
888
659
587
725
560
399
528
990
973
647
765
715
990
399
93
654
443
735
663
299
466
756
799
767
303
96
668
931
307
754
936
590
687
741
52
404
836
471
510
125
528
267
248
114
202
938
424
553
506
261
957
196
418
387
520
347
707
357
679
947
494
462
228
305
717
472
977
246
407
657
441
711
988
180
406
305
725
208
154
135
523
90
255
660
513
165
65
664
665
641
655
785
839
301
972
555
771
930
535
81
975
470
695
410
645
584
178
722
494
524
783
189
215
668
979
788
471
339
612
953
252
142
846
502
845
760
926
802
424
702
735
816
671
930
670
539
531
286
719
526
787
643
238
668
418
898
150
911
605
119
439
715
621
824
849
135
50
905
411
243
382
851
499
200
348
104
133
823
945
673
121
841
886
914
463
410
548
933
226
695
75
971
382
873
707
486
644
332
331
366
211
860
583
504
622
584
324
850
198
254
501
502
392
352
423
227
255
246
401
82
192
357
146
879
848
811
480
780
80
492
828
975
143
502
61
488
761
322
856
351
573
514
155
546
98
869
440
492
143
443
210
933
674
89
75
792
227
75
337
382
438
513
937
172
375
923
165
999
455
735
734
806
176
715
257
136
461
149
96
184
185
439
950
69
702
518
527
457
953
353
75
739
265
547
678
170
961
530
323
638
161
440
248
931
473
721
754
895
936
485
985
501
897
996
323
571
244
263
958
663
926
792
963
495
521
117
907
180
537
517
77
505
744
671
870
528
834
935
445
79
779
365
334
226
449
836
496
999
256
968
710
540
379
982
709
939
580
963
345
250
262
367
552
540
139
980
336
300
856
962
591
498
232
942
801
340
948
985
346
588
414
939
956
325
999
696
371
154
709
913
246
898
221
665
391
616
989
488
952
881
709
581
289
723
394
905
680
970
382
459
370
863
310
896
85
114
955
271
716
567
506
864
700
497
742
707
181
737
793
178
640
120
187
147
302
413
737
155
574
528
401
997
767
470
421
993
344
996
257
969
88
231
121
574
144
539
582
553
417
708
870
847
93
906
771
866
272
576
509
469
474
623
442
53
824
219
120
257
351
458
517
68
525
103
178
601
542
478
442
422
941
657
263
888
362
272
106
549
382
182
782
317
799
854
347
369
697
430
752
737
670
286
636
150
690
283
450
359
208
558
269
434
140
976
215
747
908
246
913
921
944
914
823
154
632
808
950
516
993
339
732
541
485
180
681
186
409
684
482
889
640
110
527
477
664
198
756
944
781
286
133
418
904
116
289
883
150
689
177
646
819
494
195
504
433
693
718
357
759
203
562
458
557
740
307
861
702
182
306
605
341
