20000
6849
6658
6501
3745
141
8036
3927
8095
885
9657
2201
1589
2651
7870
542
3055
6086
6767
691
9475
5211
5186
4773
9597
2610
9097
2174
221
6706
215
8232
5615
5372
7652
5568
5186
8277
2649
4424
58
3481
6584
6857
1608
8901
8875
2562
4540
7738
673
2894
5471
4096
888
3303
6808
1787
9903
2137
7237
9231
3967
1456
1600
75
9413
5645
2294
5942
2085
1110
6854
9328
1841
3507
6154
3846
9850
626
3818
6640
2001
7598
7475
4831
9203
3392
3549
294
6575
3215
7176
9596
7715
4116
115
741
1042
9649
1333
2517
8065
8293
8868
2491
7831
893
573
8169
6452
3112
8902
2940
3802
3902
2149
1267
8890
1065
9339
5517
9323
3075
9050
3147
1399
9399
7130
3933
3009
4505
6896
6508
3894
9632
1428
5576
8629
405
2192
4359
2372
9839
6655
5817
1674
1282
2064
2979
7131
6682
9064
1985
6388
4259
3071
7510
8399
1641
4773
4725
7268
5153
8904
6167
8070
4736
1416
8681
9862
1765
5662
1260
870
5674
6480
8021
1975
3050
1472
7962
2681
2402
6929
9922
9989
4474
154
3795
3457
5090
4274
9534
8283
6151
5476
7829
4065
4053
7737
2832
1485
9903
88
2607
1298
2753
7347
6869
458
8027
7570
6690
4460
9421
3100
839
1101
367
8498
4678
987
1155
9045
8889
4721
1076
3622
2707
3735
2937
1912
7144
1687
1740
9525
611
5986
4323
4465
6564
178
5656
5372
7485
7488
1973
5345
1382
6755
1059
641
5002
1683
1670
2091
5612
3317
9275
4897
6971
2805
3837
1607
2074
8971
5664
6045
4171
6240
614
8670
4966
4947
8109
3408
3939
1712
3671
3328
3154
3883
3166
1285
1366
279
9989
6045
4841
2309
1731
7253
1872
8810
7842
8290
9705
2420
6434
6513
7555
1288
2818
59
1738
2543
2321
2089
3219
2735
9412
7349
6427
555
2678
3456
2351
5646
3747
2272
4822
9670
9251
8200
5254
5670
6451
2795
6872
547
8710
1601
372
6716
6026
6178
3513
5069
1210
3453
4949
3743
350
2102
6243
2138
255
9724
2702
3120
2191
8429
4345
3236
995
6921
2501
1081
9745
4720
1456
5867
9866
9121
5036
632
3637
3940
9630
4137
3150
2795
2623
2802
6197
4275
5217
8432
7079
5340
2570
1085
3077
2204
5520
1100
1349
7898
7771
5344
5452
2966
9748
1328
2224
7582
9392
4112
4695
7353
4469
7576
1007
7977
6005
9061
2400
7003
1552
793
9623
6324
6162
2381
93
3961
5388
1944
4461
8545
2527
1588
7201
4129
9293
2628
8221
8970
4229
9153
7684
623
5691
7017
5138
4964
5979
3208
8350
3932
2701
7681
4323
4652
5042
1356
9094
5959
173
7853
4529
225
8723
7256
2766
3347
1360
1265
285
7262
7554
9519
7265
5303
5413
3963
7107
9628
6148
9058
6375
9289
4711
4574
952
2496
2109
1843
5902
2320
5962
1869
1948
4048
9971
5001
4721
3433
3628
3298
5707
3619
7179
9600
1419
2022
1802
1838
7348
8909
5134
9284
8912
119
5744
1981
1168
1550
9991
1545
4382
8783
4109
5197
5067
1973
4118
3228
647
2587
4463
940
7991
8538
7103
194
4372
5186
7643
4871
948
8461
9157
8023
5650
6625
8500
9088
1635
8958
7459
3915
3287
3277
7714
2053
2732
3037
3766
6125
8841
7457
4251
4104
7125
9358
5599
8764
5020
3480
9268
1626
9812
5351
1621
2200
2039
367
658
1571
2289
986
4467
2561
8997
8879
2239
6601
2149
8408
9572
3012
6607
9768
2870
1072
4764
5510
5001
8381
6358
5439
7259
9674
3325
787
5106
8459
5844
9356
1936
5286
8433
9091
965
6718
7244
9889
3018
105
4613
4349
9770
8965
2399
252
3748
886
1956
5762
8782
2368
4694
3449
2988
801
8657
9182
4208
4826
1521
6637
3324
7425
5965
4879
615
8152
9447
3390
8838
662
5917
4770
1362
5924
9539
5282
9145
6877
3090
5777
6465
8773
2568
4106
3347
1964
591
8957
2751
6039
3404
8068
78
8527
7461
3686
7464
9797
8480
814
4218
1844
1628
1774
7854
7176
9681
2633
9301
2238
8591
3304
7758
6671
9473
9095
7198
1680
1996
6527
3056
5963
9492
7319
6019
3398
8645
3031
8737
2136
6680
7884
1116
4045
2594
2937
9856
820
1340
5545
4376
2775
7199
5002
3922
9079
828
5745
544
9780
976
9142
1275
9477
238
6342
1522
8641
6614
6364
8964
4554
5351
5287
6337
2265
609
7849
8056
9670
7678
4965
8739
634
205
2432
7998
1166
5507
6544
4132
2807
3423
8146
6917
4388
7563
1792
6677
1767
6310
2686
9290
8835
9964
3755
1712
1350
8850
7787
2226
7390
7185
4542
580
9128
4359
4726
499
6328
7281
9242
2119
3659
7537
7689
2268
5373
5919
9066
5265
3728
3286
4867
957
6441
703
7169
1579
1073
5172
9300
5462
1982
3337
3562
4061
5727
9360
895
695
5624
1235
7606
1255
2826
4161
6269
4095
94
9703
8441
4378
60
2658
9501
8034
4065
6504
564
2918
9685
3180
6029
7182
9789
2619
9044
4605
8281
1986
5320
7505
4006
7446
9981
8458
3937
230
1825
7832
8528
6377
5593
3569
3990
9570
3792
980
3347
5604
7323
621
1512
8602
1177
5559
2042
7811
221
51
1677
6249
7066
349
4533
5276
9955
3251
7326
7918
4534
5714
2907
5474
7609
2650
9719
9950
1239
7176
2394
6734
9971
7521
8645
7822
9160
4489
821
619
6390
9451
8320
435
8780
2906
7169
5948
4646
1055
7079
8705
8039
2422
9379
4899
6031
4070
7468
7790
6450
2949
1627
6086
9422
6240
3921
7481
2725
4493
9418
1327
5116
6731
513
9447
3520
3289
8087
2153
2412
2015
5749
2542
5549
5451
4899
3900
4726
3332
9425
7636
7469
6463
2787
6682
5230
5595
2381
8742
9271
853
4355
2285
6364
8341
3799
1102
818
6128
6898
6362
2465
4277
2787
9998
3932
9656
5794
2016
4717
4836
7095
5104
3833
912
8883
3710
2782
1738
5493
3746
9362
752
4398
3715
9732
8582
1423
588
3761
5842
6651
7916
2494
9174
7633
8040
7941
9308
4575
2552
9167
3480
1412
2726
6703
2177
4375
8237
7289
4304
6394
1789
6814
3544
8953
2040
1793
5023
5836
9104
1296
2017
9390
4801
5183
8344
8565
7974
3406
3018
2149
3639
7228
8098
3401
2754
8677
1238
7042
1262
4260
8985
5869
7587
9026
8242
2453
775
1895
647
1914
6272
5505
71
4259
3274
113
2569
1986
4543
3359
6591
2131
156
6253
9163
8311
1300
7667
5394
1636
2666
8348
2861
8300
719
3403
676
745
764
5896
8527
7236
4105
3095
7712
2346
5603
6685
9259
5804
3448
1695
3188
5251
1155
9449
1040
7425
8651
277
4855
1241
9434
4713
876
4851
7711
2433
9587
5144
1169
8688
983
3671
3787
3292
1461
6703
7373
7082
4936
4991
3316
6485
4047
7499
4816
7480
9830
4009
9525
6221
7939
5589
5555
3895
3092
6662
8926
221
9532
1525
2897
1662
9566
8924
4139
5521
6179
3553
1114
6639
3669
8506
1045
5466
6593
7101
4674
5595
6906
4448
1112
3995
3059
8998
3063
5924
6826
8368
8084
5407
4536
716
7356
5132
1169
9119
367
3965
8801
2324
9996
888
2169
6751
1670
9955
3536
9627
6563
7046
595
7159
1295
2870
2168
9160
1235
749
3635
827
9900
3094
4183
9844
3642
6897
5609
6028
4500
7585
7504
9697
9157
8049
8913
2370
3658
3791
9658
9629
8111
293
1131
520
689
5491
9111
9271
6394
4786
9646
5945
3104
6895
8550
6893
5921
3952
1583
8949
2706
635
9739
9860
6076
9340
3721
7563
2391
5535
4540
9715
7621
7141
8634
4279
1226
7661
9324
6489
2289
4592
8771
9213
8151
9950
7282
1486
2982
3196
5975
3816
7917
8036
5705
634
7977
6703
3755
864
9616
492
3593
3643
408
8883
6176
4059
3983
1941
1745
2625
137
9199
3110
2892
2576
3575
8347
7266
777
1938
9652
1981
6860
5948
1444
7966
1036
2749
5828
542
116
6536
5817
9417
1874
4758
5840
8384
4655
1042
2712
2081
3446
4342
2236
3414
3434
7100
4424
4936
2643
1902
9930
7505
6533
2620
8604
7243
1751
1151
3103
7070
8060
782
2396
7827
961
8106
5929
1119
7150
4841
4468
1957
6815
8505
3460
5555
5826
8785
1147
9621
843
7290
379
497
4239
5666
2915
4098
565
870
9418
5851
3018
773
1490
6301
4336
8802
3098
7810
4434
1863
1519
817
8635
8285
324
8866
8833
2971
8333
9308
6391
7771
6479
3477
332
7373
6373
8146
6253
580
2120
8463
9885
4864
8811
362
6590
1319
1891
7522
7512
2306
8575
2029
1679
1254
2862
9599
663
5302
7014
2642
5707
1917
6386
7063
5164
9315
8135
1089
3426
8950
3657
9910
1291
9543
4177
2109
1667
9730
8451
5204
4729
6329
8207
7153
3419
4557
8400
3085
1510
8266
7343
4128
2018
7935
4047
719
7493
6343
5806
6707
8629
5233
9472
1422
1884
8160
4661
4215
7994
4860
9350
6057
4315
3646
6343
8981
7773
9727
9429
9683
8687
5846
2611
1518
6542
2863
5086
8413
8917
4336
1071
3646
7469
5161
3972
405
3457
9180
4320
5556
9153
7754
4795
5173
2853
8125
1782
9117
8180
2342
4855
6364
6173
6321
2645
2752
8490
1954
5893
3652
6222
1092
257
7412
4566
4218
2509
7346
6101
8710
1514
1709
4661
9163
2817
8273
875
8092
253
3220
9519
1446
4118
6232
5341
9693
1863
3032
1196
4915
2006
2436
3497
7844
5031
9135
4370
5133
3432
7609
5807
8927
6468
1273
388
7486
4047
2727
1080
7504
977
7852
4656
6234
4116
7146
8117
5980
2012
2444
2390
9393
9465
4849
7933
4911
590
9714
9611
6387
5462
8333
3748
3442
7394
8059
512
7390
7527
5637
9942
7983
9301
585
2164
9062
9684
1138
4679
556
9857
7211
1996
5999
5481
8378
6434
3293
7912
4865
7285
4918
1713
6349
3235
5888
2745
651
3629
8603
928
8150
3762
7556
9525
3489
7237
2966
3856
5832
9637
6928
9291
7984
4763
7083
225
3513
1292
3700
3398
2037
4851
1563
5272
6900
1198
5510
4923
5128
6558
4781
2439
2831
2571
7658
6997
2110
9753
1399
9681
4579
6930
8080
2120
1168
9282
7421
3581
57
8155
6012
3493
7122
3340
3426
67
340
4212
7866
2771
6897
2829
548
7244
5892
1664
6141
8130
186
3342
1924
6308
6117
8299
3781
4068
890
4189
7453
549
9377
9150
173
5793
8135
1163
1319
3108
186
3873
5738
8171
5894
9406
2642
1848
2682
4847
8123
7095
7892
9678
2457
3554
1750
5649
6586
8257
4637
9153
1790
8635
8663
5688
9498
2749
9777
3825
5615
404
2169
4244
6191
7427
3065
1096
8548
9892
6995
3247
1828
5520
2842
7368
8265
2828
5865
6183
1182
5422
594
6943
4382
2367
7744
1845
4974
8686
9787
8091
2131
5575
929
2300
6726
4356
3829
7661
448
3956
7651
4521
9314
5505
2604
9279
5812
9713
9310
2219
3393
1341
9303
4444
850
9852
3483
7135
138
6405
7828
7477
5455
5623
114
3004
8419
6508
1497
7736
5467
2915
4132
9372
3755
6797
6897
7962
2879
4992
1820
4877
324
2273
4813
3899
7547
6403
8732
1822
2462
6295
5909
1017
922
8637
395
6807
2469
1253
8559
984
2870
2636
8585
3881
4698
8528
3640
6796
1847
9193
9808
8447
4015
8648
4574
8979
2777
3011
6478
8636
8495
8700
2299
4407
4877
4536
5103
2660
7148
5706
5080
8366
6842
3629
4092
3983
6160
2708
8279
7903
8081
9892
148
2292
259
1291
5229
8285
4459
2478
5060
9463
3272
8827
6213
5722
881
6532
4512
215
876
2387
5865
3557
8756
7392
2188
3267
2958
6168
3214
6669
5662
3566
4079
191
5011
2562
7043
5930
6272
7056
5745
4371
2381
6357
2024
3770
7798
4047
3585
8383
1396
8482
5776
4034
4435
3918
1064
3345
7958
7322
2403
9442
4689
3288
3011
1187
3629
3098
9926
9273
3580
755
9265
8941
5677
7596
5620
5915
2837
6913
4489
3293
7240
813
5180
7524
3239
4752
7532
4965
9488
7300
2026
3703
160
3140
661
3705
2807
793
6033
4759
5984
727
2745
3573
4196
5826
9494
6531
8872
6292
6060
9643
3680
8424
2545
7415
3135
2764
9654
8409
8383
4514
4558
463
8549
359
9132
5003
1074
7683
4547
4604
5291
8598
1913
8274
301
3132
9883
420
5765
9068
8833
8529
8501
3331
6373
7670
3928
7418
8666
9950
6582
8843
3080
7868
1125
3309
3219
9489
9631
1081
3235
3887
2173
7120
2753
691
8178
4986
6886
1660
1717
3390
9143
1806
8038
4573
4322
435
9758
9448
1099
3605
3644
2262
1076
3816
7366
3925
9415
1444
9304
5503
9006
3759
882
310
9519
7604
3030
8202
2178
5573
3604
2894
8422
6030
6624
3522
1716
9811
4547
396
6997
6096
766
5537
2470
9651
5467
7520
2501
587
9168
8011
3722
95
1672
7315
1616
6865
1828
3326
2465
8512
4787
5581
4782
6197
4612
7251
1511
478
7783
430
9261
1163
656
2905
3911
8456
9134
5762
7156
6609
5798
9636
2568
5948
3660
7260
1822
3917
2442
1743
4416
8976
5202
3848
7045
3455
3998
2053
3647
9000
6512
2816
1645
7914
1939
891
4732
3812
3078
1844
3016
5542
4140
6992
203
9031
1995
5080
4012
1425
5177
3738
6872
5681
5289
5429
8922
736
9690
6383
5947
4397
2697
3414
8214
2996
4997
9670
4854
4583
7909
1907
4679
6169
9078
9224
874
8341
1234
8701
627
9546
9087
7269
7715
995
6886
2472
1177
3143
9736
8913
4493
9327
8546
5042
7623
908
2250
3278
2359
7077
2121
3600
3786
6567
1155
5750
2058
3454
5747
1574
7524
4040
5465
1340
1178
1861
6319
152
5841
2130
6428
9275
1336
9328
9649
9923
7002
9943
4046
3210
2442
880
3943
3831
2195
5601
634
99
4513
3891
8550
4338
1528
7212
8792
2901
9881
3218
7110
8982
8238
1364
4253
3524
6396
2683
3965
3380
8671
9778
8793
9800
487
6264
755
4088
8994
1051
4830
5492
1565
6681
4561
5919
7547
8185
7310
6754
1140
3287
5271
3871
7089
6403
3679
2141
3173
8978
7297
1978
4532
2166
1774
1715
118
4175
566
3239
6430
5574
302
5418
6420
494
1988
7440
4296
707
9418
4259
7086
3908
1849
5107
6468
6224
8538
216
3662
5054
2303
8682
5235
9225
3363
5370
2436
3365
8292
7814
2931
4350
5834
8348
5918
783
9178
5698
7318
4134
5164
915
4190
3124
9448
7000
2857
8678
913
1141
3127
5911
9412
6332
2033
2777
243
4344
1255
9524
5040
1900
6515
8500
1620
6239
6104
144
905
205
188
6663
6573
9327
6277
7664
9444
2822
2716
5080
9210
8329
4512
4716
8800
724
3696
5920
1626
8696
2929
4868
2369
8982
4599
6031
2400
5778
1263
595
6802
1728
2953
8155
808
6722
5843
1817
1117
6571
956
9463
7143
2433
8643
1283
8812
6308
2564
5299
3530
5421
1000
2794
1516
7729
7838
1942
1503
4784
9165
3997
6604
9079
3632
3565
4174
9475
5833
1858
5642
5255
3159
932
8989
2032
6263
7268
6262
1581
1508
4790
1636
7879
448
5407
8432
3915
5491
6256
3597
8527
6291
9588
6435
871
2386
9491
9053
408
9702
7796
3945
3089
2168
3530
8717
4174
6601
2023
4216
9362
7698
992
2322
5506
1268
8459
8682
3607
7759
2274
6512
3591
6358
6585
3471
5005
1111
5456
227
5483
4214
6896
6104
3583
9645
8039
3190
2842
3563
3953
8670
8644
1154
2380
5844
7445
3730
5353
6309
5471
5753
6615
3555
6527
1035
8739
6787
1553
9872
5823
1116
9410
1449
1961
2471
3359
6073
3523
1759
4413
8682
6775
4020
7179
8146
7383
9275
7008
1416
6278
220
2639
1357
2252
9980
77
976
4741
2742
8636
3217
5970
3556
2158
161
1398
7858
6013
9117
2338
1829
3655
8797
7810
4191
1220
3200
848
3727
1541
6601
7016
8370
3916
5602
4582
9834
9221
4254
9767
2948
8842
2936
9200
4220
506
1394
6292
9421
6332
7698
6115
7296
8281
5171
7343
3902
7197
4890
2429
5001
7730
4597
3968
1259
902
6132
117
271
699
3835
3806
9630
9815
2997
6368
8124
6529
5599
4656
6988
2061
6354
1930
5557
4411
3046
1996
6555
2402
9806
6667
7266
9812
8306
1906
8529
3111
3759
122
9194
1500
2983
2988
652
9346
9327
8331
4447
8496
7966
3050
6581
6735
6310
4538
8760
376
2502
2639
8064
196
9447
261
229
2705
7748
8125
4258
5430
2546
9022
8557
1830
2805
9984
7289
1686
2908
137
6542
3627
2366
2841
570
8317
487
2022
171
9030
3648
9235
4171
5807
2839
2662
8286
8151
200
9435
4986
6385
7310
2046
5531
4744
1480
8627
8381
7425
5932
959
6664
8318
407
8521
8008
2737
6762
158
7828
4990
3606
4705
587
6304
4618
2174
2903
2718
2352
3670
1115
5511
2261
8922
9284
5849
5240
1157
9649
8778
9302
660
9251
8891
9390
6882
5808
3195
9657
4404
2246
9098
9832
3909
5746
4324
3420
7253
8455
5106
7879
1805
6560
9736
6545
723
4038
5867
7928
7183
3700
7048
9765
8129
6499
8866
8830
989
3745
5135
1540
2764
8531
6195
4807
1053
7172
8005
6851
7084
6367
7412
1762
4316
243
9281
266
2194
3056
968
5356
5585
1459
6208
4045
7332
2903
9595
3897
1001
377
5498
1713
7477
8803
2334
9325
9021
6935
7465
5687
5948
4167
4876
9681
6342
7425
6773
6929
1913
3750
2119
3285
8355
7069
2083
5422
3823
6671
7999
334
1062
3309
8672
8200
3288
4351
6183
5867
1241
2272
8593
1180
8697
3524
8872
4611
4619
3140
9997
4241
5505
2278
4289
4184
1549
8980
9253
3895
2327
5283
4190
5830
6509
4403
3891
4008
9507
9892
9413
9567
561
5153
8991
679
1238
6446
480
1598
6978
3035
8201
1575
2161
6882
7823
5051
1186
3409
1031
2529
4395
3447
9792
8210
7805
788
670
1208
3137
5617
5190
6271
9057
8368
2106
6269
5196
8023
6901
6357
3682
6085
7644
6861
845
1160
6005
2758
6330
5168
2242
6598
8838
8036
8172
8048
9592
2755
2172
1815
8762
373
2228
1305
3480
2078
3259
2931
137
1158
5462
8837
4129
2637
9988
2890
3886
9504
2513
7040
7971
9642
7917
9383
9476
914
5592
8268
7382
477
7506
6026
4556
9885
4720
206
8805
4567
5908
3750
5821
4984
2815
4202
7770
2459
8323
6970
2252
5995
1632
2192
4906
4685
7802
6363
9130
5203
2905
7406
151
1960
6932
7291
5992
2816
8437
3495
1683
3231
6829
528
2968
1381
1003
103
6227
4726
1581
852
3679
374
8714
2956
896
1623
7262
8204
3893
3970
8392
3135
7851
418
8136
3668
715
6473
947
6619
1445
6288
1536
4739
9343
5737
7283
3172
5082
2590
5065
7821
5893
6954
7470
390
7714
473
6590
7658
3551
98
1225
7294
4444
7623
5049
4525
7740
3210
4771
110
1516
4360
791
7803
3352
4456
5810
5210
9200
9144
6490
955
7863
1548
4955
408
2605
7918
350
5631
9218
7841
3044
4549
6352
9303
2074
7859
3422
3726
7111
3545
3777
6947
9189
3805
2025
5553
4770
8219
5022
3743
1399
9271
1984
1644
9138
5017
6070
6062
9554
1981
590
776
569
2374
7039
4435
6487
5353
4101
5765
6728
5489
6417
7648
962
6984
209
7040
6361
1025
2835
8270
882
8859
5847
8505
2643
4826
8299
6409
4341
4868
2918
9868
2428
3361
3939
7450
3913
4877
3169
5017
3807
3504
1022
9498
1623
7278
486
416
286
3961
7462
5555
6275
5523
897
6055
5384
6270
6218
4249
2492
4217
2445
3001
7467
5346
694
1474
5942
1508
3879
827
358
5886
8302
2738
4458
9950
9130
5181
5813
8075
5282
4121
9102
3928
9801
8803
3749
6950
8439
3283
9520
722
2226
9641
1507
6822
1220
3805
6799
4556
7316
5435
1094
5889
9691
9573
3247
5838
6059
2427
5240
3477
8753
3268
5497
7404
5365
3922
1070
6914
882
7538
169
8412
3975
724
3348
1779
7394
725
8967
1668
6509
3545
1669
7677
6549
3721
693
9935
1390
558
8915
2088
3825
7134
4058
3695
8645
8354
6077
6134
7956
9347
6684
96
486
9311
8045
9313
3675
5841
7825
6106
7922
8279
1698
5897
6945
8712
6267
6317
3376
91
6134
2685
2062
2394
7955
5087
7839
7217
5022
7777
3566
7536
4419
8760
5626
1860
9957
1179
3680
5958
6440
6559
1618
8777
6240
9959
3479
2249
6143
6794
8008
7298
1402
5333
3379
371
9336
8973
4355
5288
3861
2813
1630
3833
3973
5658
8981
7628
6648
2902
4022
6834
2575
8312
6836
1594
7592
9450
6937
2020
7384
9923
1254
1776
2235
7808
6722
2452
2778
7996
494
738
7152
3327
4386
6718
5791
5865
9759
8605
3010
1981
4084
9346
1902
3833
6169
1506
7408
897
2529
1450
7871
7900
6783
8497
4715
4869
5637
5479
9905
3927
3604
4628
7530
1341
7166
6846
715
8701
3370
5103
577
8197
8041
7530
9449
8258
1296
2850
214
9268
6704
347
686
8213
9059
1098
7347
3553
3066
7410
1069
3626
8034
5686
919
2774
983
807
3416
5142
1249
4217
612
6545
3438
2201
8788
1074
5002
1471
5817
5838
9499
9783
9926
1220
1750
7431
8723
2799
1177
4421
1225
7386
969
7641
827
1594
7571
1581
3663
1140
8234
8833
8859
2927
1654
9587
4184
6342
8778
6664
6671
4175
9689
595
6330
7437
236
664
5035
3492
5198
7439
4172
3838
6338
5789
8785
6501
7509
8349
5437
1310
4116
6925
9445
6000
9006
8599
8341
4235
6116
5430
9711
9920
3830
7931
1394
4219
8764
3574
9183
7784
6544
2611
801
3580
990
3424
9192
4649
275
5626
5287
8846
9538
1680
7332
7132
6466
212
2822
6713
7176
7723
9623
2517
3298
9549
4286
3788
1265
6170
9761
1776
6742
2110
5504
9289
4620
4372
3238
6061
2469
4718
4769
5546
9144
8893
995
5689
2897
6347
7896
9275
2472
3354
7577
9188
2660
6553
7849
608
6944
3909
3538
3355
1459
2860
8901
3596
5264
2121
4396
3198
9301
258
5929
2067
5284
8862
7376
9869
8587
9685
4275
1023
4111
8768
2469
2186
8045
1196
500
6687
7110
4710
9919
5261
7337
2135
4665
5827
186
7638
8064
2054
1264
2155
629
8605
4193
146
5172
8018
390
8026
6431
705
4278
723
6437
5665
9943
1900
4366
8060
8082
5009
7946
6928
3022
7759
1143
6504
7666
174
5403
9641
4930
145
7068
6382
3398
4619
3888
1976
1775
4796
2299
4762
3115
2630
2029
2803
4944
5971
8133
554
4959
1252
9850
6712
7632
1929
8765
1510
6122
4530
2697
4980
7372
5642
6500
1184
216
1094
3605
2177
3600
8202
5788
7753
9537
4649
8319
8400
6492
5895
5224
237
5275
6393
2943
8975
6988
9581
5258
8033
7731
2296
1550
3467
3758
9585
8506
876
1664
3655
2251
8473
8772
5812
5483
2893
4249
3126
977
1576
416
463
1140
762
6155
5096
8525
4348
5666
3528
7754
8772
870
7590
2884
4527
8875
3814
4356
8454
6887
4150
4850
946
8662
7860
1904
4595
1278
8725
2209
466
3514
4694
8577
6023
2185
6133
6950
9801
281
5608
3413
3350
7404
5054
728
7858
9774
2446
9716
8227
5518
1724
9726
7383
9345
7380
7148
8556
7292
9323
1308
3469
1057
469
9216
5491
4827
8097
1335
242
7058
9003
2740
6003
5762
2222
5121
5461
3500
1362
6600
1136
8170
3041
9627
5025
4383
1144
8552
6187
6166
6371
9788
8527
6354
6752
1269
4253
3264
2756
3635
4283
8626
1889
6304
3974
4778
339
5074
500
4704
8090
4406
2835
1310
9565
2110
8073
7109
9338
3306
6871
4848
2525
237
968
9160
5794
2896
7041
8277
2975
6743
2349
4304
4315
1681
3600
5361
7871
3648
3233
2695
8421
7845
4476
5359
906
2702
4663
9426
1996
6413
4483
2657
122
9371
8322
5186
7936
5209
7921
6352
1002
6525
7114
8463
6587
3767
3972
4717
2537
4339
8161
5172
3698
7355
4272
3757
7284
5669
152
6711
9220
6270
9021
6796
9616
8742
8130
2481
9020
8754
9453
256
6916
6721
5168
2016
3764
7403
6232
4798
7356
9417
3204
402
1188
1750
9499
4762
4956
7894
6492
1272
7276
7103
7782
2004
4513
224
4824
1352
3318
4900
2933
8701
2212
4616
3074
8144
9911
7858
6569
2741
1460
1765
8820
2109
6910
7041
6357
7056
2244
9087
6009
9867
626
2019
4774
5034
2761
386
3542
2021
5023
2198
3559
9566
505
969
7147
3990
7838
4113
5592
8477
4589
5563
5056
2229
6844
2506
5552
930
1785
8387
8468
233
116
6655
6030
2181
7431
4568
9641
1817
1088
1810
3181
9979
9279
9885
3186
9850
8296
4635
9991
5501
9239
5821
2032
9809
3323
7721
6391
597
2927
5068
450
6921
226
974
309
5566
6555
366
1928
8246
9554
3408
1468
3900
6771
2159
1758
5620
5122
4150
4015
8336
7687
6368
9543
8938
214
9152
7986
1322
1975
7179
285
3223
1758
1250
5556
6202
7163
937
1536
762
4477
6834
8522
3059
3519
1696
6581
4976
942
6418
6039
7630
339
5105
3638
8101
5698
3329
2107
6362
610
4835
5486
770
2717
5558
8519
2716
6867
6040
5106
8415
6924
7453
3404
8302
6078
5574
8966
2964
6802
6260
6649
7964
2923
9555
7946
2055
2895
2692
1873
5592
128
9048
7310
5859
889
4139
3586
3197
3348
5805
7252
2537
2198
6948
4423
8921
4414
6481
1884
2860
3318
3645
9532
8578
5579
6163
6466
3994
9604
3820
1017
284
4614
4497
2995
8211
477
6614
9790
817
9433
9376
7568
2101
4088
7320
9784
635
9005
1110
799
9094
3831
707
5942
8966
7460
8037
3283
9079
7558
8014
2124
4127
3215
2774
5001
1784
8708
7012
2944
6343
2323
9335
652
3040
1126
8490
5371
5253
9726
4463
1199
6165
3183
7980
6601
6621
720
8104
2761
4434
6885
1255
6431
7628
3366
1865
1781
5205
4143
3709
4951
9339
996
2488
9249
3632
2411
1541
5364
7661
8555
1136
8248
6172
3883
9994
6775
7054
3245
4059
4023
8672
7753
3968
9969
3569
635
6727
3152
7780
837
126
5882
2079
9607
6577
3899
3545
3685
6137
6669
5543
218
978
4867
4633
6100
7803
9461
2700
5637
8238
6542
8525
2539
1832
2831
2041
5240
6908
5845
2623
401
494
8164
7016
6063
4796
9199
6933
1627
4884
168
6839
7421
9579
8085
1232
6643
3412
1841
3680
9625
1994
5295
7482
8209
9327
8950
5819
6354
5335
6142
56
7130
314
2953
3167
2945
7544
4847
7603
9198
5676
4597
1317
5580
6830
1410
9000
5646
8209
7147
80
2770
9000
3990
5923
6239
6917
9872
6323
3746
9830
6534
72
2224
9207
5168
4126
4244
5975
8655
5079
5459
3962
8359
4850
9945
1153
5042
4995
5473
3637
167
254
7518
622
6031
3755
9268
7106
312
8362
2563
3604
6595
5588
8831
1606
1773
4509
138
7472
1976
3135
5937
2999
4906
8671
5923
1231
2658
9012
5864
560
6853
4024
7336
4743
1403
8680
2367
7910
6893
9279
940
1817
1684
5815
2704
3523
5659
5668
9160
4190
5550
1113
6671
4118
3079
85
769
4862
665
274
3670
3252
3339
2008
2069
2800
1166
3003
1576
3351
2220
6811
1219
7008
7013
6653
5433
2960
1621
8624
2850
9293
2322
3269
9647
7698
2496
407
5420
2700
803
212
7199
1762
5112
5109
6753
9639
5849
7279
7806
3054
6993
880
5303
9168
5773
2162
4928
1907
6433
521
4032
2469
1836
6759
7106
9970
2917
1448
1550
4766
2158
3850
9019
6460
2501
5391
4629
8515
3553
2623
1228
470
9451
7893
4542
6013
3626
5509
4875
4946
7608
2618
8830
2047
7617
2743
1860
6188
4300
136
5443
5030
4551
7260
6956
1425
7302
2236
6723
5128
4025
7515
2349
2315
2411
6320
8078
9360
1874
8949
4215
8578
7900
5146
5776
4560
1976
2335
7033
5227
1247
6248
2585
7002
3175
1694
9500
2600
9654
9044
4634
9079
7142
2781
2177
1149
5217
1264
9394
4631
6383
4198
2921
4428
1604
7786
2819
9912
4559
5728
7720
6426
3182
8399
8156
3639
6207
6625
8515
5306
5580
2950
6810
3754
6670
2908
7402
7834
9735
7882
237
8347
1410
1181
9979
5494
6751
3613
4915
2575
7697
7616
2029
6807
2516
4068
7236
6637
6129
9272
8920
3123
5574
9416
7333
8050
3470
1366
2736
2231
9046
792
4849
967
8064
8239
2066
7326
3882
7299
9509
7849
4133
8043
9426
2571
2612
754
1664
9769
2914
8207
2358
5699
820
6726
9705
3574
3873
6672
6425
5739
7251
6806
6589
9543
7309
7119
3813
6190
9882
2573
3669
8881
4886
1502
2835
6882
2670
7061
6779
3585
5369
1593
7527
764
77
3592
8418
3740
9914
7313
5329
8682
9834
662
7792
8436
6758
4494
9878
5505
7907
4707
571
1508
9778
9315
3231
7023
5820
9723
5990
5393
9866
4326
4540
8197
587
1286
3967
750
4189
5884
4362
5740
5481
7376
1258
1689
9051
6673
3991
5473
9206
4168
8886
5397
8470
2044
5377
5289
3731
9184
8500
1975
6785
2979
4493
374
1786
891
2805
9413
4957
4298
3197
2899
6323
2152
3323
8786
4740
2529
5676
188
4778
3487
786
3296
5768
4441
6067
1715
7655
4624
2597
8982
6724
3919
3567
8297
1422
2030
1213
6586
308
3526
9457
9144
4479
7012
4149
4136
7763
1247
2952
5636
1852
5080
4991
3177
4331
2907
3228
4301
5315
6750
500
4880
5284
8986
2507
5108
3683
7440
7480
9567
4986
1083
9689
331
9416
9933
6767
7013
5417
6824
6044
7754
7641
1733
508
7415
558
4344
534
5380
8549
5045
9440
6067
4259
5748
3679
6716
2324
5848
8431
7725
541
426
7019
7270
6076
6694
4570
3552
2820
3737
6162
1631
7484
2644
5803
5474
5188
8635
1120
3157
9818
3310
6117
1040
1663
6502
1144
1466
8089
3911
5328
6903
209
6289
2703
4572
820
3310
8435
3186
8997
6601
2384
1836
9188
7519
672
6144
3372
7706
6311
4756
6313
867
2605
7288
2813
8119
8829
8817
3040
4793
7109
6417
111
9905
1730
3418
9262
2926
1622
5524
7382
9382
2210
9312
7269
9394
573
9258
6866
4538
4375
1162
3571
6026
3078
1738
3166
9474
4646
7214
1620
8677
7866
1301
9212
3609
2514
620
8933
8855
2265
3842
1969
4045
8791
4709
1591
7638
3327
5029
5756
1498
101
4127
2867
7448
2376
2811
8924
8320
1326
3401
3377
8949
5218
6648
5411
454
6691
6973
9092
2288
6545
875
3790
307
947
5936
1554
4050
5818
1995
3731
6568
8251
918
3351
3089
6814
402
7524
2339
6176
5774
7780
2055
8457
7844
8034
9433
4096
8054
3696
3265
1490
2333
7763
4313
6922
9649
4373
185
9616
8950
2890
1043
4982
9784
2380
6868
2786
5471
3503
1670
4239
9793
8804
5791
474
89
80
8968
53
841
3279
2725
5995
188
7304
4657
6860
4661
5399
9991
4696
2426
9630
921
4305
9502
5948
2643
3698
6169
2469
8307
9820
5231
7387
8207
1684
1066
8834
7524
5803
1282
1213
5308
9677
7032
6829
6984
9019
593
9574
2549
3170
6642
183
7634
6806
6159
2273
6115
2789
1206
4041
5685
237
3517
3524
9804
2528
7115
2332
6959
2634
7038
2537
7487
5542
8581
1940
1963
7401
3667
2658
6918
360
7332
8254
4958
2035
6687
4017
5606
4166
3253
677
9880
4195
6562
9699
1996
4551
3483
2993
2967
4032
5924
3604
6835
5595
6290
9657
4994
5089
5853
7375
5686
5446
5562
8038
3022
6921
2205
203
2324
8589
2533
7375
4155
2567
5072
7392
6019
3339
2076
4136
4017
3043
5946
8310
535
201
8499
8454
8956
167
5518
9105
9314
7728
8995
7421
3999
7422
8692
6973
9155
664
7394
598
2989
4052
2949
7346
9016
6471
2131
1678
9355
2801
9759
8213
2861
1618
8285
8139
8013
7738
4963
8086
1030
6932
7133
4461
8676
9860
2455
7166
5189
581
4763
5991
7617
8597
6428
3854
4248
9841
9518
7528
7997
6052
2228
2571
5726
5306
9115
4178
6160
4766
2620
1537
6630
9813
8890
9286
4353
6561
139
1037
4344
9998
3513
7635
9270
2951
7253
5085
4482
2446
800
2741
8973
9723
3540
1811
5890
7458
9948
3106
9707
5540
6423
3599
2821
9843
1932
9607
7019
6405
3148
4412
2754
4732
7531
3332
4978
4649
5981
5746
6708
8401
5348
7974
882
9183
6352
2269
9403
6419
7536
1978
1072
4448
1921
4653
6608
128
1141
2137
1722
7951
8084
1654
3773
7524
8995
5088
7140
7802
4122
9324
8081
8053
8450
2437
6601
5737
2801
9193
6665
8178
6762
6946
8564
6572
4996
3445
8505
5201
3582
1353
9105
3646
7490
6944
8878
1481
4509
4139
9096
7995
2119
6157
506
7242
2836
9962
8645
9131
820
1795
2275
295
6583
2625
534
4534
5342
4125
1438
8249
9136
7033
5146
6704
605
8111
2081
9495
9274
6685
9633
313
5345
1260
5913
3262
367
2024
7848
721
4785
5426
1830
376
2838
7162
2239
5862
2214
1335
6496
8390
4861
2471
6422
9728
3214
5506
5035
1065
6073
4609
4411
3674
5345
8125
6967
5726
2115
7183
1555
7372
9296
3406
8345
5284
2058
1659
7024
5037
3961
9321
1625
4331
4003
7651
4452
9915
7677
6897
4554
7783
8664
6115
4264
9708
4036
400
6059
8829
1610
4812
4817
756
7559
2489
9769
6989
6408
5746
5374
4064
1343
5469
8176
1064
546
2048
125
5341
600
1852
2552
4575
5302
634
7473
411
5058
7817
5119
9063
6087
9273
1399
6012
1632
9472
7787
6687
3899
6514
3011
5586
6293
9915
2055
1839
4644
7685
5208
6905
1977
1753
8203
1125
6586
8826
320
7583
5929
9993
9859
7263
350
6725
9259
5348
2930
1778
6371
1476
7784
8637
4891
2180
5392
4257
1663
8823
7788
6866
8256
2768
855
221
5606
3923
6104
278
6019
7733
4947
8070
1968
1372
6561
351
1359
9159
6009
6470
8091
9221
4048
7202
9600
215
1946
1976
2176
7029
7657
8442
3000
4964
5783
7298
8266
2986
5083
1487
9240
8164
257
5594
4914
9160
7661
9813
6444
8833
997
1413
234
5981
5203
356
9869
8908
5398
7739
349
4715
5408
844
518
9852
3922
5027
2825
8900
2002
9231
3557
1451
279
5630
3647
3779
5260
8627
5376
455
3799
5539
4900
7436
5063
1790
9680
8966
2846
3626
3058
5674
4090
520
6631
7861
8896
7001
2888
4312
7739
7713
57
5815
8680
3443
801
1685
9943
976
9179
9356
668
4349
8902
1388
5997
1695
9261
5661
602
2368
4515
9586
744
2191
8729
8844
6777
8394
2809
4924
889
6552
6542
4123
6522
7658
5820
9454
7397
734
7487
6112
6507
1744
1753
4027
2454
4288
1538
3344
284
1506
5476
6422
2015
4050
6673
9859
6211
9926
3537
791
8692
4590
4668
8175
2553
7467
2260
872
9503
7759
8267
6033
7575
3455
3071
6541
6740
9253
2773
6067
9754
9208
7667
6508
8959
3416
2215
7119
4269
3683
325
5254
1850
2158
687
9658
1306
376
6839
6905
6433
192
2505
2428
1846
8157
7113
7236
8542
5443
1238
7630
1747
1795
9519
5952
4474
4234
1757
5627
5434
7912
6583
7532
8968
8259
3680
1183
3957
787
2165
6506
9382
9045
4785
5602
6480
8659
3336
1842
5874
883
664
1425
5216
8314
3504
7485
9704
2885
3076
2437
9449
4324
7320
8720
817
2071
4899
9846
3792
9189
953
6462
9322
7038
9314
136
8479
7907
1028
2981
7118
477
1000
7785
4600
1396
5752
1625
2677
7646
1261
7895
9882
1109
8077
7119
7437
5090
4472
2117
4808
5374
3967
2079
8535
2721
6990
4618
4561
4029
8199
6619
8777
8789
90
3919
2921
333
6197
6610
2662
7753
4578
6467
9489
6502
3733
2300
6654
6726
3363
2510
5918
8924
3022
9506
9572
4577
8747
5297
9099
7942
1082
261
6119
2093
5836
5095
2283
7233
4959
9329
4242
6604
4517
6557
1069
5923
1454
4611
9686
2557
8225
6899
2229
9138
1584
6230
8376
2423
3089
5140
2111
7465
7180
7411
6924
4612
4921
5156
8274
7046
6441
8152
9428
5967
849
7304
418
2612
885
8161
710
1586
4157
6568
2602
318
7601
1458
8103
822
7304
7929
9165
616
572
2041
9612
7653
1295
754
3546
9702
5753
4449
2778
3292
6303
2139
1812
8379
4309
2904
9940
3333
2980
2263
8026
7486
5688
8602
9617
9764
1782
6640
355
2010
8145
2003
7790
5212
8640
3765
5055
3856
8548
7599
4039
9431
6483
1035
4748
3150
1291
2058
217
6557
513
2065
7862
1154
1480
5705
7396
6289
5964
8957
8303
1752
2380
8924
8043
2356
2083
5474
513
1370
7039
5765
9171
3448
9800
3634
2657
8843
8694
1494
3655
6596
8653
6017
2506
643
8346
1980
9640
1656
4546
242
4194
5404
1999
6400
3032
6308
8052
2695
896
914
1476
4981
7528
3562
9605
7753
5132
7658
2307
237
9429
1266
2347
6621
2900
5227
115
1443
4078
952
132
1691
1041
5028
1502
7820
9274
1055
7541
2550
8598
9980
5587
8225
5553
3109
9181
5458
6553
3935
5298
3531
8827
6548
4576
6654
6336
6778
5642
5597
616
5977
2707
1302
7023
4897
500
7117
197
4981
5437
6629
2329
2081
1103
767
737
3618
8372
5493
5645
2614
2777
8994
6049
1353
3665
6657
6699
6908
3117
8379
5533
7683
4048
128
122
8263
2783
7455
7088
8315
3067
9945
428
9424
5431
5366
6187
5326
2039
824
1751
5017
6122
4620
1986
4717
6485
2272
7126
5415
4695
9133
3169
5884
1894
5282
2312
3484
5785
2900
6900
194
1493
4230
1793
2955
4609
1362
6196
1881
3408
2136
6618
3237
3470
5068
9719
1697
4314
4055
4205
7835
4531
4180
2369
7243
333
4711
456
8663
8590
6907
431
2600
1475
2177
1712
5394
8833
5232
3350
5431
1412
5401
8649
3515
5518
9431
5413
3359
720
5045
7662
8297
862
9229
5883
7340
8806
1951
8136
444
2989
6944
1913
744
6135
5291
7637
4644
5206
6414
3924
2826
1374
5046
1783
65
2204
130
2089
5589
7740
3689
265
4329
6762
2727
9437
2967
9121
300
150
8681
2495
4468
2054
7480
5078
9457
9822
6241
7454
158
3650
2400
7898
7117
8224
3405
1820
2517
1934
9256
6140
5164
9816
2496
6336
6619
4717
4201
9918
7077
6803
4586
7153
8942
3033
167
2665
8655
1530
2770
5798
6312
2638
2116
6145
5664
7103
7379
498
3980
1818
5267
5738
5588
994
9094
1786
4389
5408
5835
5495
9111
4011
4592
7225
6207
2083
9487
8763
6755
9235
5855
8717
9890
3210
3769
3297
7559
6334
1637
1117
1097
4380
859
2525
3678
2325
255
5401
8896
4737
3153
8021
3915
522
6773
7682
6348
1890
3501
2841
955
6798
516
1106
5696
6677
4327
8312
9715
3597
1742
1261
4697
5695
906
721
4140
8466
2313
4756
2702
1335
9830
8629
6863
4996
6654
2827
3931
4169
5376
375
1025
5549
7132
1840
8144
8122
1482
1299
4538
882
8607
2140
8771
9502
9698
5612
7774
5624
9466
8721
5881
1126
7783
5007
185
4620
6352
6586
8888
101
2351
1296
2986
1476
3540
4647
5815
5124
3521
1543
5681
3770
2282
8110
1225
1999
2619
7120
685
6126
4264
9076
7338
1530
1902
2024
8009
9604
1398
8500
6600
7866
8855
7282
8928
2949
8050
2026
5619
989
8834
7447
3148
5300
4637
813
4775
7755
388
846
1389
1704
4470
9436
3025
2268
8488
8112
4202
6056
8786
3135
296
9274
8752
5041
3985
8191
5171
619
5278
1921
9408
918
7242
8439
9115
5799
7336
6731
8631
2331
5889
8626
8527
4105
2148
6903
2219
3322
3884
6894
4227
3231
2988
6221
9589
5380
154
1272
3735
1283
8359
5801
1909
1421
1227
2433
9141
891
1310
8878
1111
8551
4688
4258
7523
3498
3287
1217
8524
2304
6059
9566
4505
5828
9746
2103
1947
1716
7976
7694
7635
9690
9078
7098
5569
3021
6129
6068
6228
1674
2051
7558
5653
1389
5017
1120
7323
4941
7207
4369
8547
2952
1082
4523
538
4117
9170
6450
5354
2373
1685
9173
9750
6852
1197
1947
6657
588
6259
4713
5807
2934
8028
3215
2194
4561
4364
5966
6162
3196
626
1315
2386
1307
7837
4698
7170
3942
9152
2163
5815
2261
3713
9071
2254
3145
9327
2344
9231
5226
3860
502
2170
8773
8676
1446
3787
2597
9196
641
8448
2547
2586
6599
1630
4731
9397
3975
3070
7036
4918
8616
4785
6921
5862
5381
8871
2557
7038
5873
220
2989
8544
6681
4307
9873
3664
604
8398
3005
1830
4134
5983
6537
462
1958
4260
395
2076
9101
9565
2719
1386
4369
9578
783
537
727
1060
9112
531
888
8041
372
689
1266
8756
7139
4472
6658
1339
1785
6227
3097
961
1960
4615
4860
1739
7810
4786
2594
8200
685
2244
9727
3670
3498
5934
1175
7865
2010
9797
6440
4620
6991
6795
2399
2232
2278
8901
1995
5856
1791
7300
7023
1232
4969
191
8781
9256
6287
66
8345
2674
9419
8294
2979
1468
8274
3922
4105
3662
3941
6138
431
9482
5038
6571
2007
4680
2262
8980
7586
8698
3983
627
2005
552
3464
9034
6656
4024
9352
8998
9136
8779
6131
7562
6434
5723
2969
9433
1803
7521
4312
6891
3303
2542
2009
5902
3140
6698
277
964
5397
1558
6494
1215
9524
773
9550
8127
7984
1940
6985
6847
187
6978
9335
8744
9799
5354
7967
4119
2801
1046
1823
2292
8820
5880
1493
6634
7002
5426
9601
6352
2614
8329
3469
7214
7658
3395
2579
6443
1039
8596
3685
5402
9383
1301
355
753
3935
7639
3305
5005
6105
9302
1546
1211
4135
8027
7457
3938
7689
112
9481
6638
1429
2461
8159
8414
1537
5210
7131
1992
2444
2582
8533
2448
7182
9264
3199
9058
9828
7664
4363
5943
3974
2946
7961
6714
5154
1922
273
3268
3990
5765
191
2994
8909
5445
2720
7441
3307
896
1921
7353
5040
3212
180
2555
564
8994
3600
3386
4715
5377
9563
4431
7503
1656
4083
9509
7380
1699
730
2717
4036
5087
8641
7278
8638
9699
5759
9180
6494
5084
8423
6941
8586
4319
2941
376
3917
6361
9979
1334
4535
5491
1744
9930
5531
7158
1972
1243
7791
831
622
7556
2468
2306
3086
5819
1150
9931
1215
3994
543
5990
6150
5803
4770
4930
6275
2142
4320
1913
4511
9492
2736
2755
9428
2316
1178
8565
5149
9389
5645
5640
8117
5295
6303
1158
4960
1629
5226
7413
3169
8829
5424
1363
5090
1415
2428
9776
2343
5256
2129
8693
5228
7139
5103
4961
5473
4203
3026
4837
654
2769
2466
6382
92
166
3583
5383
5182
63
5215
1606
8810
3259
4508
6469
1681
7750
1259
7240
5428
759
2304
6366
3366
4770
7044
5641
5045
7882
1844
5997
6795
9703
4645
7665
3595
1527
3964
9682
3569
6769
167
7991
6903
5184
6473
4837
8072
8144
7179
5463
2906
9398
6388
8354
5613
5353
5735
7640
9343
5648
8136
6690
7469
1859
3951
2997
4165
7237
5505
1514
9470
5450
4906
1903
8196
5005
7219
6754
3209
1181
7778
8032
5078
2976
3157
6953
3668
2894
9420
4544
8954
8577
5591
9202
8737
9569
5704
6162
7494
704
9379
9105
9481
7664
3799
5782
3150
5022
2790
8539
9066
3109
3496
1399
1028
2820
2084
4940
2880
94
6979
4301
9685
2697
3602
216
6876
8543
6218
250
5690
7026
9525
4816
8836
5668
7614
1120
845
1480
2021
8899
3565
4842
5242
306
9966
5309
952
6151
5390
4636
1152
2393
121
1539
7689
6876
7014
1091
2508
8531
9661
7216
671
2279
2398
2065
3257
90
9366
5241
7503
9116
8570
7252
4392
8783
6876
3839
8896
8281
2434
4954
1142
2387
7360
4178
108
5089
1362
5067
7788
8344
2225
2222
6104
8954
9243
3043
1349
7745
7546
3950
5403
2018
9403
5872
1470
8395
7057
4213
7272
5708
707
251
2461
9320
4752
9772
4139
2134
9227
2739
9894
6589
9280
943
4704
4334
9037
9237
8168
3100
5253
887
9213
9183
1158
3847
2862
8018
1682
2050
7129
8646
1709
589
2910
1331
4530
3616
9099
6714
355
6725
9331
1569
2269
131
8696
602
3494
946
3715
4160
7156
8705
93
5567
1452
4324
3366
8850
740
6560
3520
59
9580
4561
8539
4431
641
5223
8976
7009
7973
2705
4467
9106
4531
5740
2518
7529
9761
682
6012
2642
4279
8162
7786
8204
1010
8449
504
8506
230
2120
7282
3611
503
5109
445
5169
2042
2504
7995
8268
3630
3226
3742
8896
4611
3119
9092
3914
6969
6963
1485
6944
3857
4961
7352
4490
2072
5043
7774
4143
8860
7126
260
4292
5870
1257
9383
314
2110
1872
7961
5620
7678
7162
6722
7147
7269
8393
456
1628
3261
4901
5980
6772
5405
8952
8476
6518
3635
6167
9126
419
4972
4174
7099
6723
5501
3093
4237
3512
4555
4192
6391
9367
321
5032
4045
8011
4279
7964
7873
2465
6973
5855
601
1661
7208
7534
9326
8051
3119
6810
6221
7426
6718
8513
2957
3466
5213
6703
6061
7144
6866
7262
6698
3162
3616
5783
5838
6082
9691
8137
9391
2580
7952
1468
9277
5154
5272
2853
6709
8549
7605
566
9770
7451
4612
677
483
4318
3367
1535
6489
7871
3180
1533
93
527
1713
710
4108
6273
5674
4848
2302
5968
1390
6034
4574
2304
4097
1115
491
1191
5645
5290
2515
8739
6626
760
3674
377
3939
9826
6546
9641
8250
8966
6496
6209
7023
4236
7831
4767
1985
1623
3090
5699
2981
3024
7024
3814
4329
7571
6926
1830
6949
4659
4339
5901
4039
1510
7084
3082
7372
7704
5367
9331
1197
1309
9679
3252
5319
6420
4917
3270
5214
1773
292
3815
6296
3154
8507
5987
3256
2811
71
4257
4087
1722
8403
971
5800
3452
7870
6763
6261
2015
6790
5498
791
525
9268
146
6361
6362
5864
5468
2497
6404
5012
1695
8032
6930
5222
59
7825
3300
2111
8865
5748
2492
2849
246
6863
8939
5875
7007
5906
5609
6317
3482
5118
9934
764
2429
4599
7647
2395
5382
2119
6878
3817
7906
5857
6424
8867
526
2217
318
5480
7430
2418
1348
3954
6223
5706
4809
9266
4559
7328
4411
9431
6449
5396
8765
6391
7766
2451
4482
477
8596
4739
3179
8532
716
6078
821
5876
7147
7114
1999
5809
4908
326
5252
9307
5772
5662
3684
6615
5379
8332
8821
2139
6033
6578
7393
1096
9330
4999
2779
80
870
2054
4562
8498
4530
586
6226
7223
9454
1989
407
7709
396
552
6582
8309
5862
7791
4005
835
5652
9078
9407
5353
8566
762
5326
6510
6284
6808
3420
6983
5663
1469
6589
1801
2620
9825
901
5224
9092
54
5189
1868
8693
5060
8816
1883
506
6089
5860
3225
5993
7525
1128
1751
9036
6171
5779
4744
6994
2274
4320
3402
1028
2451
9575
7982
132
5160
505
1662
6142
9340
2294
6417
9791
379
4236
6592
2261
5064
7982
8939
8469
555
4180
6349
2851
7171
6485
4413
5663
120
5587
4380
385
874
3857
1292
5221
332
9814
3539
8546
8837
9274
5979
8104
2856
266
8858
7813
3693
6779
1148
7375
1554
6582
4826
1325
1221
8954
7597
8471
9434
6378
1940
1463
6609
8093
6436
9492
6183
1068
5375
6823
1964
4102
4148
7483
3167
6169
4850
9155
4576
4795
2720
6041
8220
3228
2968
3597
4652
2354
8843
8189
1235
9537
2379
3874
4850
2016
7312
7847
2926
3823
8373
1597
505
7189
5499
5241
3877
5265
3196
1494
2158
2462
8865
2139
2662
4764
9206
5790
7662
3681
5016
4741
9438
3819
224
5312
2226
2149
4730
4361
2857
3122
9429
9127
6562
2753
5933
2618
9590
5392
4393
9219
4476
3803
8058
2906
5911
8800
9532
1524
8719
7558
6303
6613
2283
7410
4804
6022
5347
9867
1408
9118
3733
9337
1910
2198
8369
1915
3685
2220
4924
1065
1277
5970
9877
3515
7015
5462
5591
8129
1209
9400
1690
5621
9476
5127
8787
2374
1304
9717
1164
2485
7095
4642
2122
3721
1783
4143
945
5652
968
5034
9431
5109
8686
5757
5998
7027
1698
8769
110
9161
2298
9756
1992
1993
9371
5509
9324
116
2014
3373
194
5803
5469
571
753
3204
773
689
1796
4442
865
2720
7835
5926
9944
2803
9402
1674
6368
7508
8783
6230
8415
8824
1557
4632
537
3743
1426
7105
4316
7271
905
9580
9315
1767
474
3622
3595
641
753
2352
992
7640
9427
844
3106
2946
5826
6798
5470
4722
4900
2341
8352
5258
6362
2962
4836
1102
9515
7962
5526
8406
271
1255
4505
4642
7446
5976
9171
9814
7580
2980
1102
7526
5784
3275
8278
7873
4824
8310
4752
1737
661
2348
1724
9997
3058
8017
4447
2580
69
1909
8411
8367
7225
1277
9967
5214
9330
5042
8886
7385
6697
6634
2750
3120
6327
1980
4097
775
2060
3340
7923
2808
2897
1320
9752
9237
2111
979
1801
7368
2689
6812
8513
6831
3165
4993
7805
4855
8733
8280
8125
8943
647
4119
8923
6861
6793
831
2135
5508
4246
1774
8486
8209
679
4654
1431
5520
8535
7631
2718
5118
607
6377
4661
8399
3910
3953
9656
6589
2461
2718
7696
9743
333
6757
5466
7464
6321
7675
7889
1297
6373
3956
5165
8742
1132
733
3496
4929
4000
831
8519
982
6377
3364
4782
9667
3653
673
2719
3792
5607
1291
2765
8876
1245
5656
8950
2372
495
79
5860
3770
4012
6446
1515
4183
5766
9590
1881
8358
6531
8603
7228
4238
5394
6080
96
8993
5321
2830
5454
7106
3888
4757
1181
5838
1649
6160
893
4259
7152
6253
1941
9647
1047
8801
4565
5752
7916
3078
5070
6477
8893
124
1810
5663
3411
4237
5240
5136
3272
272
1984
6586
8145
4252
6720
5369
7070
7844
7591
9321
8638
9693
5976
659
1532
948
1117
5274
8563
4165
6977
3246
2145
7533
9080
9101
408
5556
6360
8853
6745
9340
4258
4667
2393
9660
2243
5919
7187
6384
8924
5854
4379
4866
6200
4770
1671
9875
1236
3218
6869
7928
5784
5165
4414
636
1534
2067
1534
7955
3973
3023
6730
4295
9276
2817
1762
5025
6769
5377
2254
1287
7737
7424
135
6480
3849
3341
4704
9398
2576
2258
6492
2421
1623
2279
5337
1066
9218
7226
1662
4737
529
5238
7751
6563
9408
4989
8289
198
6292
3917
606
9306
1373
4679
5854
9184
6241
8419
3449
4209
8571
5791
9617
3375
2327
5063
8209
7138
3455
99
7539
5240
1799
705
7481
4275
4432
2094
5762
1606
4060
4590
1385
3999
393
3167
8972
9002
2069
2036
1590
5203
5115
8514
3918
9748
4871
4646
9534
2489
9933
4614
9366
8816
4004
4630
1115
9112
3408
3617
7397
9199
4473
5439
3510
7945
3812
5163
8080
1255
6703
5326
1090
3143
5811
4482
1926
7701
7736
3345
2863
4896
1648
2340
2838
8588
8586
3371
3622
6734
5657
8789
9145
8249
7125
2937
8538
7267
6189
6271
8993
622
3374
9970
1069
7378
6494
9797
7439
9418
8907
9209
1025
9756
8365
7674
9977
7629
8201
9828
8743
5840
3496
3368
2367
4599
2607
2383
5351
4979
4124
2343
4461
1657
693
7257
1997
1816
2971
4169
7097
9066
7524
4075
4284
7846
7005
1704
2069
8163
5655
7589
7651
4799
9370
9412
1791
9310
9076
5292
3846
137
2153
6468
2894
1554
4290
1317
2760
3805
4956
2687
7941
1607
6059
6575
8126
1792
2365
5579
5315
1599
2410
6386
9226
6640
204
9017
1357
1094
8691
2144
136
3947
7698
1608
161
1469
1164
8782
435
1106
5018
2255
5443
5441
192
4870
9632
9602
1783
6150
8505
773
8863
1470
3862
69
3061
2470
9589
2678
8706
6910
1864
8971
9331
1780
3324
7204
2450
4665
4265
4583
6738
3463
6991
6040
3762
4467
9539
716
5896
1437
4643
548
1674
3616
870
1715
9540
182
4692
6017
8787
6133
3157
4761
5289
4022
6967
6998
582
2258
9706
1140
5767
2513
4586
5334
6105
710
773
2295
5339
6197
4816
7665
9184
6307
3442
3133
5595
4816
4173
3173
3364
6765
8807
3071
5336
4009
612
2543
4124
1427
6491
3652
5103
3703
2446
1954
6533
439
9803
6006
9664
3442
1517
7283
571
2747
2564
8751
1253
964
8344
4561
5316
6596
8985
2598
1664
4626
6946
7124
8579
4203
5908
8750
5648
5019
1492
4015
7811
4229
7274
2308
3474
3209
2694
9304
6816
1290
8746
8662
4602
7279
1530
6299
2734
6647
4404
6617
426
3133
1120
2549
6050
1251
2758
2249
2198
6894
6272
4512
6430
2899
1897
2464
3292
2112
9506
2555
2833
5358
8908
6445
4893
1624
7457
1587
4146
5702
3787
7439
8370
6244
1247
7554
7261
4499
7689
5292
9229
3803
497
9661
1178
2766
3022
4438
2033
9761
5187
7512
8742
343
4040
5547
3054
7329
4326
5929
8867
5696
3698
1862
1023
5372
6265
7062
4944
8925
1006
5681
3031
8647
3119
3234
4072
5764
7356
5362
9635
6643
7458
6435
5618
4766
8787
3183
2927
539
7389
7974
8899
831
7440
3776
7451
9972
142
5449
7588
4492
7463
155
3963
6953
5086
3221
7069
7823
5837
2731
555
4664
2211
1843
5740
7050
8199
2313
8136
6663
7158
3119
5224
101
2918
9203
8047
9494
686
1206
8102
9203
9943
2098
6987
5429
3703
1757
7658
4299
378
2247
8300
7506
4563
1232
6154
3236
8543
1362
6983
7037
8838
4351
416
2177
7960
2285
4788
7226
3347
4062
658
1891
8649
4533
6043
5186
1528
3593
3048
2529
3351
5720
8966
6024
4661
4996
2002
8602
209
8384
1028
1553
7661
643
7103
8281
4400
4571
7081
9814
3618
9744
663
418
6648
6012
349
7322
7565
561
4917
7048
6478
1591
4998
4746
4132
416
3245
4777
318
5592
4476
1505
1323
6586
7877
1147
4382
1131
4695
3329
6826
8381
7040
410
8200
8068
9159
885
2353
4934
5859
6732
4055
2183
9639
9811
8255
2109
2844
4784
1530
4625
2867
6943
7495
6891
4773
6421
3533
7930
3280
6400
9610
7630
165
8601
9237
2171
6784
8004
3842
4114
1505
8280
6710
7618
5171
4947
2637
8858
2227
3249
2657
8129
6078
3297
2132
6455
4080
9867
431
2701
6421
4116
5397
4708
861
1244
9123
9607
5749
4382
5007
7187
9282
5363
5161
548
308
7842
7285
5602
695
4189
7097
7371
4421
1849
3658
9132
2497
8198
9501
357
8082
3738
3878
9066
248
2946
5903
5928
6601
3058
855
7534
2816
1054
8758
3131
5406
911
5295
8197
4174
1721
8823
1504
8341
3990
3650
150
9087
945
4857
4339
1538
2356
4321
6807
7334
1220
4772
3376
9810
2637
652
4658
7488
5994
5563
921
2320
349
9042
9124
2919
6398
8036
8634
2783
1373
104
3123
6937
2261
8606
2874
6085
872
4160
5293
9172
1779
6567
958
7081
914
6633
7192
6197
8335
9630
2539
1943
3802
4108
6686
494
7819
4519
8468
8412
1196
175
3232
3830
5033
1654
2088
2417
6146
8993
8586
2765
4108
7895
360
1815
8251
8194
2088
151
6751
697
5988
409
6802
5663
1756
7033
9822
3286
2620
840
8329
5200
8674
436
6777
6413
7776
8862
2378
2857
7028
4838
6966
7395
8925
3007
3417
2927
7685
5814
2894
3134
9521
4077
2017
7803
9754
146
2030
6634
7863
7031
2040
5331
7385
1672
539
4142
9216
6459
3088
8670
4293
2850
5219
4792
1746
5771
7583
862
5592
5088
2266
3444
4650
669
3187
354
4722
5470
5430
8356
6533
6206
2103
664
6007
7935
2215
7856
4124
9105
2918
8050
1263
2745
1191
1847
4254
7839
887
971
5117
526
4647
7008
9457
3191
4889
1729
8937
1834
5865
2362
3919
8795
3544
1479
2671
1303
2777
2790
1392
2426
3081
4145
7995
5226
8325
2811
200
3604
3030
705
9340
4620
6171
7175
8559
5003
3977
3410
100
8543
2054
9079
4651
81
6731
8064
6185
9373
418
6053
2552
2706
4357
5682
4187
8761
7107
771
3327
6243
3709
5599
1514
9179
398
473
9819
7441
2646
5669
9812
9108
9406
2264
9464
1911
8691
4603
5106
5802
2776
8770
1260
4406
1682
9959
1223
2813
9757
3088
7331
5263
4363
71
6373
7178
8402
8965
8571
5159
2042
5247
3611
2761
4582
5460
8654
2995
3197
6157
9455
5940
837
9207
749
3940
7814
6332
5603
8420
3113
9166
8783
4592
4133
7294
4528
3679
3125
4111
4805
9505
1254
7345
563
657
1983
5889
4894
446
2767
4764
7096
5334
5937
4979
2201
9997
3253
3189
6272
6343
2542
4573
3170
553
8389
732
3419
3960
9458
9916
3022
1535
3071
176
9295
3140
6656
5714
7100
8852
2908
4617
8861
8480
4610
146
88
4279
2578
8912
5595
8793
9692
1531
4456
9675
8109
446
4041
6817
8399
7118
7043
1013
9394
4949
2286
4120
2916
1820
2300
939
7562
1791
8891
3451
2111
2291
1926
9024
8083
2969
2431
6852
8822
1646
2531
7298
5938
9859
9816
670
4366
3584
3723
2897
4738
6590
1172
6513
3961
71
8884
7281
2398
8221
1214
3122
6707
3792
3202
9605
8600
1940
7226
4438
2552
881
7942
2966
1249
3433
6064
7496
6833
1892
9437
7966
5450
4073
9925
9398
2810
4258
3239
3100
1938
3458
3440
4829
8701
2478
2365
4972
7362
9840
9563
4591
1390
8875
5545
9545
2633
865
6673
1006
4987
1195
2885
1042
4047
3888
6031
1182
8373
2300
7733
8611
3624
3133
4629
1544
4249
6227
4144
3270
3567
3608
9405
9762
7163
4139
8934
1315
2295
5899
7892
9965
2136
9628
2290
8200
76
4726
1442
1107
6102
930
9877
8170
5829
6770
3114
9886
2096
1701
4167
3731
4244
3927
478
3114
6611
2468
2863
182
3220
717
6079
2649
2188
3893
6337
4968
1382
8112
6586
4153
8932
9329
2370
9990
7169
1112
5009
2560
3150
4700
983
6866
588
7645
6685
7357
2615
1817
2388
643
1138
542
5336
8733
6615
76
1930
4653
2234
4609
4869
4932
7679
2904
3085
2106
1072
7918
9184
8473
5272
9376
5645
6677
4818
6419
7955
2714
8902
5292
1418
4748
9836
1324
7843
5918
1301
3832
9557
1291
6769
6469
6274
792
2190
5249
5768
1838
3357
8702
876
2130
8915
1894
4742
9301
663
1578
169
163
7560
9071
6012
1605
1253
6860
773
2686
1558
2948
9060
9881
4356
4463
6950
9818
7529
2861
7765
2832
8034
6346
3957
1381
1759
2348
6376
6955
2126
7196
7821
7765
3717
3776
7958
3863
7561
8532
7834
4913
5858
1521
917
1118
8020
7425
1580
8522
6566
2035
1429
8801
6396
3201
5047
8501
8954
9641
1868
5222
9497
3735
1287
4204
1743
9745
5587
4845
8798
576
4333
740
4585
3429
9783
9560
6520
5924
7732
3361
6271
7682
7975
2141
6736
5544
1882
1124
727
393
8879
9605
4280
552
205
9463
3472
693
3566
1990
6604
3556
927
8088
4475
8790
8442
1974
340
9054
8806
9618
7626
8427
2704
9980
940
9579
9890
5406
5540
8278
6708
736
6488
9753
828
5954
685
6470
2430
5978
2579
2381
6057
9573
6498
5311
3361
5924
3182
9536
6696
6148
6375
4840
5538
1677
9376
1236
1527
6852
495
3735
1341
7871
2706
4331
4638
9567
4352
4214
5224
2324
5906
1562
2866
5277
7019
1446
7671
9046
9955
9113
6883
4163
8066
4030
5931
2479
7602
5924
9859
2804
9364
8236
8705
4271
2571
6155
6825
3256
7164
6346
5628
5144
6685
7239
3772
2539
6220
182
9529
2064
2255
1220
5493
475
5295
7135
7629
3576
5164
9508
4855
7747
5507
7651
2573
5820
4539
3905
2532
1287
270
7747
5568
6613
665
3490
2966
8604
4981
4268
9020
8373
3724
8520
2380
772
6349
1073
501
9197
2312
5570
8266
8899
6137
8460
8476
3438
982
277
4394
6831
6824
5136
1963
6234
4156
7218
9543
6724
6460
1633
813
9976
9391
5722
7497
8143
9136
3053
6910
143
7585
1109
509
9682
6874
2486
8101
7479
411
246
4797
7100
6076
6898
5469
8964
2753
7635
5673
8528
5972
3854
639
8961
6509
1853
4247
8918
5781
9248
9889
214
9796
8460
7078
8522
4085
3667
3326
9215
1328
8800
9127
9935
524
3187
614
2080
5441
4393
8859
9793
6953
4850
8577
2638
263
3035
7394
7521
919
7824
6582
4608
813
108
6746
1809
2034
9771
5135
9960
443
3830
7437
3560
3605
6215
7445
5218
638
5646
322
9292
1240
7631
6147
212
9960
2017
4133
2328
3117
7777
9087
2935
5908
6267
7425
7372
3391
7709
2310
8712
1100
4672
7283
5058
6399
5511
7891
1342
4483
6082
5510
450
7039
5811
6675
3797
8219
2432
9320
5715
6996
9702
9534
8525
3052
3845
5068
5295
5531
5594
7568
6152
5089
3042
9350
4289
5301
6355
5358
3756
5851
4834
928
845
1649
8849
4291
5651
6344
4793
8151
4816
7676
2956
5600
4481
8919
3559
2485
3926
4474
1496
3848
3383
9947
1422
1226
1123
3638
7758
2755
6869
6567
897
6014
950
1250
584
9153
1563
9311
820
1201
1480
9231
3223
5437
2304
8277
3303
938
1048
9702
9727
2064
3629
8135
4594
4180
1590
6336
7198
2006
1665
8568
679
8996
4154
5361
5068
5471
799
4458
4203
7771
7664
8214
8488
1613
3073
9602
809
7912
8691
3679
8180
7369
7643
8667
9507
6759
8301
6847
5628
8023
9743
9668
5560
719
92
68
3915
1421
7551
7857
3928
9507
9359
3171
749
2327
2179
6430
5830
5639
6369
7608
602
9118
62
2483
3510
8066
1409
6615
6312
8524
2244
7654
8482
5645
8340
3142
3015
8367
7048
89
5727
8417
2041
8801
7364
1972
8079
7923
842
8646
3562
3255
8229
1389
6117
1794
7797
1088
1760
1673
5389
8067
9462
1484
6946
5554
2518
1801
4758
2122
9295
2044
8307
6360
4078
8817
6299
8210
2230
2558
2778
1915
2411
2054
6125
8891
3327
8633
2449
3311
9375
684
2168
136
9488
1363
8048
1422
580
8999
1449
4064
8465
6072
9943
5280
3970
5195
1435
588
5338
5428
2990
758
2859
3855
7030
434
9752
8162
347
5539
6585
2111
7509
7509
9062
5189
1410
4945
6677
2432
2169
6268
5984
3435
6006
5456
1501
7195
9316
4532
3556
9866
5366
1688
9990
3903
7821
9800
2107
5732
7160
883
1961
8021
1138
9876
8384
5517
9758
2372
8012
5190
8152
9012
9276
818
3395
6910
2419
7832
3222
9555
8919
6660
7488
340
2942
4691
5815
7342
8644
8761
9759
7957
8431
1061
5781
4412
940
4798
8600
5743
2026
3465
3907
4419
9944
459
7012
469
1339
695
2384
5180
788
5160
9358
1459
2409
3961
7400
1224
3838
3272
5252
2912
6027
7695
438
3201
2111
1391
5816
1759
8959
7605
3779
1320
3040
5424
4793
8076
7757
8030
7959
6309
3683
3698
9542
6016
8972
2441
603
1300
5927
6689
9383
5463
5175
4688
6480
1583
3695
2789
5616
5931
6881
9784
456
7392
9288
4631
3582
7263
3662
2346
2091
6418
5067
5030
6950
2456
8963
7862
8602
2695
7587
3073
4934
5121
8755
6456
6157
6303
3113
6272
4942
580
5595
3646
2988
7382
2998
8821
878
4846
7140
2623
3922
7904
7998
9639
3369
3308
2583
5892
3220
6121
2850
4102
998
8324
4259
984
8253
7430
3966
8995
3563
2726
6687
7497
6939
7094
5035
559
1968
1487
6720
2874
6532
4928
3427
7938
2354
2568
8032
3348
7656
416
9225
6654
4609
9287
7101
452
7572
5676
3780
9987
2236
188
2457
3959
8090
4732
164
7585
3820
5355
4938
6065
5687
9753
8781
8433
9758
2736
9640
2031
3212
7626
9402
5460
705
2989
5782
7479
1162
916
6907
1678
1916
855
3357
4849
1067
3176
3687
1195
3272
4483
6486
7930
1457
4077
7695
5129
7071
4909
5651
3446
1550
4271
9082
3706
996
9345
1364
2315
2639
6176
8036
3530
7522
5021
590
121
1280
2898
6820
5345
9750
5674
2585
4367
6068
9143
9708
9183
782
7805
3100
7626
5023
103
8171
5160
2673
4518
6926
9604
611
8511
2588
9940
5952
8576
4565
4952
1698
2161
1856
8541
2098
917
1595
1217
181
6476
3690
2121
4677
3427
1619
5401
1432
5591
2750
9567
4775
6902
6061
2455
6399
1182
5076
6477
1790
5394
9878
2049
6636
5070
7798
2032
2219
3938
3633
3330
5518
685
1797
2284
9992
8688
8563
6498
3623
4369
923
3437
1337
1311
321
8228
3663
1254
463
4667
4968
7560
1044
8448
8846
7836
3902
2989
2239
4192
4886
4097
8623
8125
2162
3650
5990
8177
5849
3711
3637
7358
3888
3722
3837
6629
2967
4041
3929
3100
4851
697
6483
5239
5566
3844
5385
7202
2908
98
2599
7279
3775
4988
6957
9360
3006
8788
3114
7845
8097
2785
4662
9920
5175
3288
5134
7653
3265
9795
8011
3935
3148
7484
7527
6245
5874
6553
2638
1742
4799
780
8300
1094
8780
3255
2313
3427
2030
9768
4281
2376
5776
216
3643
5747
345
7273
8916
2490
8055
5815
2223
1644
8004
5076
9459
6075
7243
4821
7580
8076
2335
2347
5997
6567
919
5988
1900
7511
2188
7871
3563
3885
4778
286
4184
4649
9683
2930
2394
6331
1123
7342
9108
4904
1883
5112
1562
1062
3705
5820
6319
1351
9296
4001
7215
9131
2309
4763
9702
7885
9498
9215
4731
436
8130
9450
3845
892
3971
1011
5817
6593
5816
1413
2792
2713
380
9733
6012
6355
681
4939
5204
7804
8075
959
9506
1012
4697
5475
6762
3915
977
9022
8805
5248
8355
4454
1829
5662
289
8535
414
109
3590
8059
4724
513
7277
6860
1765
6891
4549
2840
7352
89
337
9348
3613
8758
754
4258
3814
3096
2789
270
8023
9733
5658
4501
9574
5253
6329
9607
2309
2795
2902
8673
422
1967
3115
8107
3946
5993
519
8057
6662
1809
2939
1195
4948
4111
880
9480
4552
7720
2896
1227
1148
9511
2368
9874
956
3665
1467
2186
1939
8773
5928
2578
3006
8211
7837
4757
2520
9584
6495
787
5597
8709
5560
9709
7015
6388
1367
1920
1842
9120
9486
5623
7045
8535
1033
6779
4843
9702
2456
7356
8835
8868
3350
9423
9589
7442
9295
9265
3784
2407
9959
3776
2555
9259
9936
9990
2902
2272
8757
9138
3082
8635
4497
7319
9199
6621
733
9721
856
2999
3549
6625
9471
822
3525
2195
4201
3347
2364
8954
1256
5265
1296
3131
6752
1653
4657
3891
8371
599
735
211
9480
890
3837
6188
9185
7365
6055
3722
8933
8042
750
2179
9057
1587
5101
9356
9194
4916
7663
1282
8645
9192
9034
6776
7229
6801
8512
361
1533
8746
5460
2604
2763
7852
9348
2983
1735
1461
5460
9899
1749
223
675
7192
2358
4020
3127
4897
6672
7849
8157
8176
6250
525
1564
4149
2034
1100
5694
463
9929
6982
4611
4960
4376
1896
7692
8399
2088
8502
7424
4898
3661
126
6661
9489
6222
6649
4990
4216
8476
771
1021
5859
893
3198
2509
9091
6587
2623
8418
236
2626
9223
245
9100
804
1448
6198
3960
7573
7111
7387
5569
4602
4108
6954
9311
5001
1776
1761
5276
2186
2913
2465
4770
635
4978
7888
4371
311
6185
7524
2601
2453
4826
1536
4260
1155
6290
3869
1143
494
8607
4152
9469
607
772
8479
1929
7641
5363
3898
7807
9114
7572
4411
7758
7708
798
6570
475
2948
1048
496
6335
6041
5334
1947
1008
7199
8756
6350
8574
111
8393
2289
3291
6031
115
3287
647
4761
3400
1612
2245
9289
1691
6245
6087
8129
9088
4230
2143
3129
1160
671
6901
4478
936
8106
2174
8349
290
797
6340
831
1661
7805
5024
2201
2209
7474
337
2458
6490
1459
2776
5197
957
6464
4286
4876
4062
3444
9927
8117
3365
7265
4357
6738
3442
2757
6887
3422
8016
5552
2192
6761
3475
1714
5997
8515
2525
5569
4109
5599
2485
9800
9315
4304
7336
239
5601
1578
9465
5105
793
4183
1212
7515
661
2797
9880
7387
2453
1609
4300
2630
1413
8742
6036
7690
4055
8710
7262
578
8176
1135
2778
185
2523
2998
7129
2215
6087
5710
3163
7340
519
5010
7003
1626
7500
7310
3346
505
6085
5925
4201
5201
5086
7764
4378
3897
6110
9677
4986
4808
1357
1388
1919
2085
2862
5145
1815
4181
7404
3625
6825
4793
8771
489
6257
51
6576
5511
1843
5722
9353
5760
4187
4934
5739
4154
7583
6772
5568
7797
7953
4700
9843
3089
7953
1566
1364
7121
7431
4851
5685
4553
4115
839
4161
5170
419
1756
6454
5255
4383
3474
5071
3157
5637
5311
4237
6414
5607
916
4455
4178
4259
8755
6877
9653
3471
6556
7121
1463
5147
9377
363
3484
6006
9760
1246
344
5705
8522
5938
8682
9351
2729
2554
6212
51
4958
7953
1966
634
5851
4918
7937
8147
6135
8320
7987
2279
9249
1799
4660
3345
7451
4757
7029
8447
3773
6191
5136
3552
7350
2467
2038
7107
7462
1981
2828
9707
2108
4882
3484
1137
1747
4824
754
5663
9892
2390
3632
8131
5846
6470
4560
2143
4506
4941
151
5465
2099
1328
8170
6505
2225
5417
3637
542
1426
8084
3612
3946
9230
7910
1397
8691
5973
6379
3919
5030
9062
4763
6937
448
8793
7495
7823
5699
3642
7691
8079
6887
6492
4016
3394
1403
6387
6656
6853
3064
8451
9909
8838
8583
1069
1460
7220
6004
2598
3335
5770
8960
2361
8822
1264
7959
5500
1398
4384
9493
7400
7699
118
2154
8442
3969
5026
1229
692
2636
7584
99
8230
3839
8754
5658
4474
7291
2492
8013
7575
2258
9710
2908
7698
5674
4254
8219
2146
5015
9410
4030
2002
5724
6993
5319
7481
1573
1815
5398
2011
1072
798
4922
8036
7033
790
2428
294
4686
8823
2166
1467
4636
5904
585
738
8044
1014
3889
2783
1976
5160
7817
9014
950
4064
5187
4628
4772
3738
883
5831
4192
2438
7329
8574
4016
3219
586
9070
371
7806
2461
623
1339
7754
2868
4664
7470
9312
4085
1327
3211
7356
8685
2242
3375
8589
5556
5305
8850
1058
6711
6339
4445
9247
2733
6604
1973
386
8087
3305
1392
7667
3574
1235
6385
7712
4218
88
4668
6709
644
9357
9442
1089
4409
6103
6802
4589
4479
7206
8359
4859
5650
7225
5165
3733
7570
3631
7792
5890
4806
5440
8469
90
3552
7891
9742
5945
8558
3518
3920
3112
6768
9796
2756
2566
2366
5258
4688
2916
2943
8428
430
6038
9738
4403
5278
9475
7766
8084
4266
6118
5777
6498
9274
8938
820
5765
413
7160
6177
2047
6026
1435
6746
9501
1031
1574
6526
2856
4511
2457
7665
4051
147
2438
8944
7428
5410
6551
6683
8371
4156
3602
1905
1559
4569
9670
2548
5725
6682
2024
8328
5388
4518
6724
1062
5331
7175
9463
3957
8439
2055
3532
7687
2785
325
6624
643
3604
6777
7004
7485
9079
4193
3635
6533
7830
4744
4616
2162
5718
1378
360
6144
8369
5066
4840
6771
6155
1401
963
3194
4221
2171
9730
5143
1360
8162
3597
2483
1042
6975
2138
5955
3297
9853
2351
3947
8042
5038
530
9508
314
3790
6169
9063
9708
6871
5396
1767
7652
2426
1926
4604
387
5795
5380
8624
6785
134
1764
4913
4824
2974
1428
6132
2121
3177
5379
2837
9176
4271
4836
6087
7393
756
3328
2341
9809
5537
5289
6094
6125
4435
5028
7879
4365
9875
6178
1678
5217
5296
8342
179
3203
1684
264
215
1153
1760
9108
2672
5850
668
9252
6878
8156
4363
9654
3684
5025
9685
4512
5688
9209
5079
4528
273
7482
5538
3928
9758
7879
5340
7254
2947
6899
4975
5053
4190
3608
1042
836
1334
9367
9833
516
9392
7297
7649
2160
5376
2246
4560
1141
7490
1423
2684
8715
6630
8259
4390
2018
8416
6940
5207
364
2379
8720
3870
252
5319
9363
3253
1892
270
3667
2199
7158
8242
4951
7330
3657
5651
5083
8168
1777
6024
744
9376
4265
6113
5404
3706
7032
7565
4805
8574
630
5014
3937
6826
3782
7565
2877
4988
4589
4599
4405
4541
8236
331
9206
8553
4982
6720
8083
141
1690
522
1045
2772
7162
553
5140
2425
3885
2289
9568
5578
6734
1568
7141
3184
7279
1152
2886
7125
6980
9763
7116
3046
8722
7118
3997
8739
3055
4983
1434
7582
2549
1803
4055
1395
7600
3004
9813
2082
2097
2902
6152
887
4265
1655
3808
5024
6750
807
8994
8975
5429
5826
1815
7617
7827
9636
100
7857
2670
7302
2348
9192
6657
3094
426
1500
3476
3672
1747
6557
3035
1467
9553
7687
7780
2203
5623
2230
8070
5358
4744
5513
5605
5010
678
4391
4854
3297
4936
6460
6448
900
6845
2627
7063
4028
1064
1271
7070
8938
1597
2984
6081
5349
4513
8223
2718
7555
7649
7298
8645
5739
176
5663
8761
2328
8843
5292
5289
573
6287
5944
7714
1375
4323
2919
4040
7853
8537
5640
5367
1873
7637
1202
2457
490
7371
8495
7474
848
1216
943
5433
4467
4251
6212
8290
1055
4714
4536
8704
8547
3506
4765
8194
7242
2264
2800
9879
1023
9185
2086
300
4088
2911
5044
3457
9573
3924
5861
704
7148
5791
8393
7363
3436
683
3719
9831
8355
4231
2822
3601
5376
7276
7233
9871
2589
8317
758
918
1231
3382
6208
1488
8139
4956
9518
7283
3896
2381
1273
3039
8260
9581
8006
1972
779
2547
1326
7063
4850
8958
8671
6832
4911
5167
5021
655
8457
8682
7172
7233
4309
2726
6836
8857
1136
3738
3620
9234
2171
6835
9191
8894
4421
9125
930
2053
8651
4551
2219
3261
7675
9902
3043
4662
1418
6244
79
4540
1928
3830
5889
4069
150
8355
9035
5275
5881
5375
9271
3418
8925
1939
8333
9282
7234
1302
3536
3826
4010
8661
4125
4065
5136
3261
8383
8510
8274
959
4592
2843
1398
5763
5007
9380
9404
6731
7290
4186
6058
3087
5344
1131
3137
9679
7308
4170
6224
4051
250
7110
9758
6707
3137
4902
9172
575
3640
3889
1848
7048
1959
1640
978
2258
9296
7766
3351
9236
6909
4403
1581
9828
7926
9093
5510
2366
3285
8369
6680
3166
3650
4146
8235
2078
8541
8188
9340
7542
3381
8636
343
3332
4764
6625
5302
748
1913
6980
2213
4090
1517
162
3094
1992
216
8398
6756
9182
9960
7208
7822
3374
3909
8637
6947
4311
4141
9613
6163
2168
6934
550
9210
5113
8916
1981
6552
2819
6528
6095
5789
1233
9468
2422
3255
9717
829
7932
7944
9079
7384
5063
5897
4453
663
3243
1126
2970
3453
2794
7014
2062
6503
3789
8963
1056
1039
2433
5780
7660
5276
8534
5739
7643
2948
6134
7171
9691
2212
4102
4240
6470
8723
7656
901
780
7764
7812
4407
8075
6114
6188
9186
5666
6895
5123
6300
953
3597
5458
5186
719
7546
1844
3353
7917
5259
3469
9310
6235
8117
7426
3397
5891
147
3648
917
3831
3134
7216
9717
525
6367
5486
9765
8694
2916
3263
612
9230
3880
9489
8414
9356
2772
8571
6136
7977
6549
9119
1770
4262
6976
1909
2385
2550
6779
4512
1569
9024
5725
4817
1182
7584
2124
4301
2649
6147
279
6194
7773
7470
2372
5520
8205
1844
7627
6831
5849
3085
5374
1124
2163
7179
4874
930
893
1135
6227
4569
7521
4567
5311
4454
4426
825
8229
5347
1102
3505
3036
5603
3906
5445
6733
2531
2644
248
9153
3333
1703
1027
3169
2438
9879
1265
8847
7345
1030
7731
6517
3530
5349
752
9747
2067
3827
9717
162
3369
1366
7167
1131
9200
6832
2529
6464
5015
5617
7729
6395
4622
9642
5119
3073
2743
7365
6695
2339
1375
9380
6328
9889
3732
4335
6043
6444
9518
3458
7365
1701
552
5559
1004
5111
9295
9197
2010
997
5742
9530
560
9777
9789
2085
3801
3632
500
4220
9526
1363
4474
3646
7642
8849
3154
8123
5052
8561
7105
8254
9391
7730
6525
5035
4556
8203
3028
9477
6854
585
9741
6763
8811
7743
8345
7469
7167
8653
9198
582
1850
8246
7390
5937
6230
7317
7187
233
3069
7498
2129
6882
9010
958
8021
6030
6845
3559
4538
4671
8887
6446
1623
8246
808
9654
7320
9127
6304
8633
8723
1981
1335
4602
4793
5610
1484
8395
8726
2625
4137
8326
7891
9368
1654
4108
9676
7633
4131
6662
1189
5582
7379
9583
7233
134
561
7201
2387
1175
3406
8650
9827
7064
3069
2751
5484
8403
2738
1080
9375
4451
8357
6867
9900
9279
7631
5468
3218
5835
7103
4981
8171
3217
9593
6083
8094
4221
2229
8565
3769
4305
950
1985
8912
6720
5572
6173
4022
217
4669
2275
5057
1370
4100
6456
6827
745
5080
2658
9069
6775
4834
9841
931
3268
6891
5824
2548
7496
6829
3964
3582
1288
4104
6423
6629
5235
5956
8290
4494
7485
9517
4054
7206
418
3053
8036
2672
2407
4149
3190
1166
2995
7729
2837
2815
9222
709
3599
6845
2186
475
7633
2795
2125
4040
5644
1158
6687
7596
2119
9359
8579
4992
315
2317
8250
5383
7425
6302
1650
1880
8128
4460
2597
4686
3292
6069
3678
2986
9682
259
2453
7591
5870
7077
1070
8640
7166
8443
8964
4146
4331
1985
1862
1656
3915
122
1481
6622
9965
5622
1242
5801
1467
1315
2206
9325
2012
5473
7373
8166
3012
2806
8288
3030
6706
4626
8771
779
9255
8965
2144
8757
8553
1264
5077
6255
1366
1200
9319
9119
6552
1225
1980
8015
7903
5389
7705
7283
9487
1841
840
7476
210
4069
6028
4599
4313
8355
3873
6227
5586
4307
1437
3220
2563
5131
1065
60
1778
4107
5279
4683
2603
3989
5551
4199
6729
1231
4146
4421
2514
6826
6384
6412
2090
129
505
815
8674
2951
3811
3610
3824
8894
1197
4955
5574
692
8201
7509
4687
9964
7403
1155
3727
979
8811
8776
5948
106
8705
5387
7760
9714
1672
2356
4871
5238
2794
8159
786
2574
970
3822
6150
1442
569
1844
5579
935
820
3497
4903
1390
7407
9569
120
5789
6388
8625
3568
1591
3392
1894
6876
3314
2625
7600
8399
9521
8692
7557
1897
6009
6440
5244
3669
1155
1479
6729
1772
1646
1296
1548
9063
8930
1286
9954
291
5740
1701
766
8310
1726
593
1989
4715
9108
6782
7857
9419
2624
7551
425
3503
3935
9611
2986
1606
7571
8832
2862
9659
2254
3584
5526
5046
8202
9403
7636
3976
5137
6413
6922
2383
8671
426
9241
6298
9968
2140
7341
1297
912
3297
5579
1457
369
5496
298
648
8115
1248
1295
6898
4705
6896
6996
3293
914
5819
3723
2843
8712
3592
2223
2445
4123
3226
7194
3993
7829
9607
6760
1597
4936
1026
9182
1911
2571
6607
3304
2691
1360
7954
9298
7565
9291
9942
8926
9889
7644
9615
1716
1671
2790
8014
1128
9389
6683
3572
1642
4535
4140
2579
4085
3801
5971
1222
1629
2906
1366
7340
5311
7030
9273
8286
1478
4518
3145
751
3604
4210
2409
5822
9377
2838
2473
7673
2092
4369
9586
4191
2243
8069
1016
4990
9434
253
2797
3057
4855
2396
3206
9200
8163
2825
8036
2601
7714
9876
7882
4284
7288
8060
5472
8337
2492
2797
304
9314
6493
1118
3056
6156
6965
4211
1145
4835
4739
4229
7196
6769
801
4544
9404
3572
9604
3144
9072
2611
3904
286
3291
9250
4824
7254
703
7117
7653
9738
6039
6406
5063
2919
6170
6650
8288
9145
5368
6273
5537
4875
5288
808
4644
6891
5774
9989
2539
9173
6755
4121
6526
8950
5994
3447
8577
9695
8609
8152
1679
2441
1651
9955
1512
5426
1207
3398
4762
6877
9518
6997
1255
1235
7780
8024
7540
1326
1929
6809
4703
1853
7212
1214
5158
8207
5855
4160
8089
5674
3965
8184
8679
5685
7559
1145
997
6342
5875
308
3444
2376
5430
4189
8306
2395
3014
7580
7771
9883
6204
8871
160
2811
3606
7263
1693
2370
169
730
2830
8376
8729
2305
7076
5780
7631
3393
3788
4231
8906
4352
7755
1660
7209
2987
9224
1979
8309
165
6295
3976
6171
2956
1354
8421
5205
5424
7079
674
7114
7285
2461
531
1220
8929
2948
6784
9907
9017
2698
374
231
6898
3152
7529
3412
9161
8356
7572
7499
7988
5481
5045
7394
1245
5853
4506
8962
8270
9205
3932
781
7965
321
2282
6177
2340
4777
5017
3183
8937
9237
1070
8391
7054
3527
9088
623
7781
5195
4350
4295
8259
9715
8897
3624
9989
8068
408
6272
1358
7901
3700
3987
8672
96
8643
4448
2761
2832
2366
9139
9152
5846
213
9018
5329
8136
8233
1389
5026
8348
1806
5339
6923
7563
4867
3286
715
5969
6817
878
5936
2364
4626
9780
9264
9005
9422
9644
9988
5917
4412
723
9532
5356
8835
2898
8544
761
9681
6249
5645
2778
161
9414
8206
1847
6482
7723
1248
3687
4729
7060
8791
7561
3250
95
4093
1331
4867
2789
841
2700
4857
6418
9780
6016
6990
8297
7858
5189
6016
7527
4710
9228
4728
452
4294
3773
440
162
8192
451
9767
2948
178
814
3177
4344
1644
7176
260
7676
5404
6670
8444
8979
1565
235
1738
2210
9311
75
9628
725
4820
5548
7347
517
1029
7437
5303
3904
8830
5580
9050
2177
1311
7020
392
8737
1707
8327
8740
4266
8422
9621
985
7395
8265
748
7249
3079
7308
7783
717
9552
4302
6268
9774
4694
2616
8012
3097
5510
788
1963
6996
5374
3760
1664
4362
6157
8284
1385
3377
7316
2033
7560
7153
967
182
9238
5302
7310
1421
6762
1573
3392
2878
4514
6604
6201
517
4203
8737
9979
9590
213
5538
334
6128
7334
4435
7725
9567
2176
8800
4113
3368
7259
302
4399
5433
7010
5497
4397
7237
6267
8372
7926
6198
4421
172
7245
1668
4009
4919
7148
2185
8076
2829
169
242
4375
284
6480
8948
136
3263
4370
5178
1254
5174
3419
5721
7487
3866
7818
201
3883
4595
2383
623
7967
5665
5975
265
5365
6336
357
5922
3949
6990
245
2909
1844
947
2900
4430
76
4216
5196
3481
5555
4953
9323
5800
9750
849
3085
5560
7923
2975
4237
2612
4778
1446
7885
7502
2845
8637
6569
98
2297
7665
2566
6773
2730
1111
1130
1982
1454
8247
9812
7100
1475
7272
9891
1597
2458
1293
5401
4078
8122
2764
5466
340
4891
6356
8929
3028
5735
1616
7522
3221
5301
4312
6861
4457
8898
3224
1123
3395
5581
275
3835
8032
6729
7151
2622
5754
1127
501
3429
1901
375
9297
8315
5933
6909
8269
170
5198
2113
8663
2865
7674
5419
619
8250
8070
9379
5748
6709
320
6236
6040
8748
4314
9476
4544
5012
9185
6940
7215
3666
5284
6286
4752
7433
1915
4768
103
1736
4426
7746
4265
3815
8208
4832
8773
2470
1982
3943
8873
3235
2210
5683
2111
3370
4761
8990
5350
812
4002
5478
2676
5395
4123
8036
1425
8442
7926
6977
1458
1125
5940
6500
6566
3749
5369
8357
3948
6786
3209
5927
1286
2862
5243
2048
1341
8339
104
9276
7361
2017
4041
8997
3874
4900
7061
5090
9850
1259
5922
5647
6686
3195
3468
6517
1802
6799
5959
4004
5477
4627
7823
3327
1031
3037
5378
5453
5729
8001
8372
3415
6905
6077
3162
3910
8197
2166
1174
64
8981
6612
9232
7728
79
3535
718
9757
5399
3371
8258
2137
8964
1739
504
7392
6308
9987
6041
2205
6790
9051
3501
575
6228
977
4154
1546
5405
2039
1800
6582
3023
4474
8934
9621
7433
6879
6044
5457
5675
126
5297
1812
265
301
2306
4784
725
5175
3318
6277
6009
5908
1085
1980
8716
1336
4724
9067
1965
3337
3743
2193
9388
3122
8143
4091
952
9604
8935
9826
2710
3313
5810
4747
4181
9371
1342
636
8183
4183
875
1619
8321
1078
6964
362
2401
9840
4313
101
3530
8996
9944
3445
6362
6936
3895
3172
6913
7554
4084
3630
191
9353
4459
8101
5560
8892
8809
8098
7603
9656
5498
8043
866
1564
295
5536
8807
2846
3134
1042
2280
4286
739
3476
7920
5735
1985
2114
9935
6700
9820
1109
7621
9249
9366
3829
4070
5059
4590
2738
1435
7370
5259
4720
5028
9588
6327
8639
2206
4265
5347
8611
4860
2935
6312
2427
7351
9935
4494
2977
9418
3066
4095
2152
4429
3702
3215
7551
5161
7921
7286
4988
7804
5140
7511
7796
593
1539
5045
5167
705
8105
3567
5875
1049
2053
317
7506
8420
1313
8210
7245
9582
592
6149
9904
8806
977
1928
3635
8799
1797
6789
5677
1254
6052
4453
1600
5907
9217
6335
4391
7654
1026
6012
8679
1504
9133
641
6583
6897
5678
6575
1640
855
6388
7527
2080
2919
9492
9448
288
5094
2650
258
4047
9211
4897
5136
4646
6057
785
411
7898
6561
1709
1827
6674
3978
1631
9198
7415
6138
6658
3909
1753
9910
109
3707
5040
6055
5847
1121
1189
3850
2307
1307
6458
1351
3710
959
6696
7465
3718
9812
5085
1207
3287
9561
3302
5523
307
5136
613
7277
2256
5253
1679
9270
7432
4638
9101
456
7627
1519
2811
4972
9660
5873
6129
9831
6019
7196
5458
3050
4696
6660
4161
7799
2117
2753
2299
2178
252
2761
5702
1405
1596
6376
2481
9858
7513
2980
4312
1468
6082
2969
3867
5501
6638
6954
9194
8929
2731
4966
1447
469
4482
1952
6760
1086
6524
9192
8516
595
1839
8886
1465
9377
9717
9457
2906
247
5930
2164
4389
5797
6957
1694
294
5034
3567
9761
4481
6354
131
1816
4256
3718
7767
3314
7383
9555
8544
4995
2216
9547
2460
3984
6900
8271
5210
8475
7911
2411
4875
2853
66
2878
5668
9194
265
1980
4447
2081
8425
5715
5876
8279
2347
1421
435
5923
3590
3754
122
6170
1263
4604
4471
6166
491
9545
3946
8154
1172
4798
7187
4917
6091
7994
7987
3442
3220
2746
9755
5577
6821
4932
9723
5992
7017
3884
3229
3483
3548
7095
3143
7378
2630
2584
2548
610
7181
9499
9001
956
2307
7956
2502
6009
7866
92
2311
8112
3288
1464
6688
4171
6065
2631
2756
5260
6245
9350
7236
7073
1681
3598
7063
7257
2482
5550
7677
2119
8137
852
7408
949
9744
2304
5703
2881
4158
8471
3182
2666
3091
1139
1679
9728
6079
5176
4117
5360
9789
7989
2551
5135
5305
8682
7144
7510
9748
8814
6164
6919
6868
1321
7442
8476
4784
5611
6473
5783
695
6031
1779
4123
1212
4838
8743
51
7738
2039
4715
4528
1480
5047
8976
1583
4972
5187
4174
9038
1203
5255
9412
8235
1293
6819
5288
1192
2227
803
846
9149
1981
3241
4241
9454
7254
2981
7801
708
2799
7963
2845
8098
8495
6008
8727
3943
1316
7992
7724
1905
8547
9854
1205
4010
8546
2437
1312
906
2150
6918
2189
9554
2326
5865
4016
1246
4192
6348
177
5740
2725
5494
7789
742
6636
8636
7515
2063
3707
1926
8700
4282
6299
1633
3759
8441
2962
9874
9607
1227
8817
1099
4327
8758
4755
6435
1153
7523
9765
5941
3631
2261
7763
6860
7816
1250
1040
5784
4051
940
3199
3532
9779
8044
340
6400
3659
5035
1754
2186
9086
9936
1925
779
954
9880
823
9228
587
2170
5718
8046
6131
6085
8057
1405
9470
4012
9024
2112
9676
760
410
258
8725
3055
9590
9920
6963
8333
6620
6213
7131
487
1249
5588
2816
1787
2940
4100
9886
7166
2631
1443
9291
9144
9108
3712
3976
6856
7842
3050
966
315
3474
5533
2241
9898
1323
7071
4457
7682
4491
577
6676
799
8034
6619
850
6448
8382
2108
620
1940
1554
4643
5706
6772
6176
2824
155
8450
8698
1109
7292
4448
2750
2114
7299
8747
4295
5840
1348
7555
992
959
7126
97
7225
4053
992
1938
7818
6641
4134
1303
2386
8482
7829
9789
7536
5821
6765
7617
7831
7876
3850
3863
7863
8019
4252
6772
81
140
4066
9140
205
5664
200
4918
4672
8379
96
6160
634
7140
839
1910
3403
933
1748
2615
4819
8617
4460
8141
2930
495
8489
73
8894
7512
8009
8140
7844
9949
7428
1024
3111
4443
6328
9453
4946
956
5954
5990
4311
5414
2192
8221
428
3650
6672
2242
2712
5854
8468
4012
3003
2806
8718
8344
1605
6285
7089
1959
4817
6134
8849
204
3894
118
8746
9849
6801
5377
2874
4488
6865
7275
1445
4547
9838
1923
549
2637
2899
8374
8215
4352
2758
730
6562
7817
2560
6567
4470
7199
2535
3388
4418
84
3597
3280
1611
7039
6369
5075
2954
1426
8992
2256
9395
989
595
7208
230
5252
1926
754
4676
2596
7827
2323
6495
4600
5145
3095
6745
3083
9397
7537
952
4698
2438
7125
5229
9303
1269
9937
4581
6560
5282
8295
9876
1299
7330
4878
5659
4059
4860
5281
1468
80
345
208
8637
1487
8483
5855
6672
6834
7760
6375
5911
4823
2241
1036
2116
54
3351
1716
9412
8881
9647
1696
7709
5552
4952
9599
2659
755
2706
6403
391
5893
4502
8446
4119
1073
4987
5998
9477
2879
5455
1136
3868
958
5184
7550
2157
7516
1505
6673
973
5127
9633
5170
9176
8140
2961
8673
3128
969
5980
3272
7520
2635
5140
8033
619
9167
5594
5005
600
9812
1336
6138
8727
2491
6727
8230
1567
8697
2076
7384
3800
8414
1503
3818
6213
3838
3399
6704
3667
2036
848
7994
5446
8204
6083
3111
9992
4820
3664
5445
5475
7002
1273
1295
6057
5525
447
3903
4802
3076
9592
8790
5032
3900
1187
9730
4171
9574
6351
7702
1018
6196
8950
1197
4188
715
1724
4364
7910
2614
971
8124
2784
5367
8253
8173
7727
9876
2011
3593
5927
352
982
6401
2473
1594
7184
286
9867
5599
5138
4753
4917
3300
3020
2927
747
7750
7901
5436
2614
5632
8462
3482
6379
7300
7475
9102
9417
6145
8738
7473
1723
9251
138
283
9740
1175
5950
4742
8351
114
93
6613
5135
6466
3659
2443
2126
5313
1041
8226
328
4312
8290
8228
2631
6544
2025
1384
3783
4065
3727
3166
9513
6980
9198
808
3785
3080
1367
8437
7902
5677
6133
5353
1880
7628
1906
9967
9819
1222
1002
8957
1495
5430
4789
5775
8628
6961
5349
3680
316
1396
9379
1665
8830
5437
4103
7497
3051
2891
5785
5301
2424
3331
6624
2015
5496
4801
1581
1643
1957
2695
3892
2318
4649
2802
465
3868
8926
7593
616
3820
3987
379
965
6490
3819
5133
8005
7583
3696
3308
4124
4052
439
1623
507
2611
6811
5012
1743
4381
3552
5152
3897
7709
587
4789
3874
7788
178
6829
3569
8396
9784
9636
1824
3247
2819
2629
8975
830
9499
6800
2334
8500
2042
694
5467
9024
5256
9041
3525
6371
7313
2873
7455
759
4117
8862
3375
188
8050
4347
8438
6959
6382
1350
677
4130
3957
2590
6082
5485
2147
5658
4183
3085
9881
1118
4036
3945
8886
1009
2103
7962
5868
7839
2168
404
6285
9696
9924
9521
4737
2175
7758
8815
4331
8297
7589
1621
7847
9330
3359
3574
1573
6169
7556
5472
65
6689
2753
6447
216
3164
2694
5846
299
5989
240
3930
3397
4181
1905
7204
7273
306
5176
4377
2030
4594
8441
6187
7892
4961
5692
9788
3029
6697
6575
4771
1307
6757
9622
8187
4279
5716
8702
9211
2534
6611
813
6069
4210
1041
6311
515
1988
7142
8503
2345
8984
1802
5062
9157
777
9916
3228
280
2769
5889
8973
5355
4900
3658
5080
9607
7737
5820
5026
182
1318
7866
818
6164
6042
4040
4090
7919
4131
689
3034
2565
2011
484
1352
7305
7070
227
6634
5522
1395
9515
4629
2253
7305
3698
9477
1445
3270
114
650
2904
7618
5471
6568
733
136
9831
9694
4204
5583
7090
206
2627
4377
1690
1820
2066
8566
3697
4718
340
9741
7897
9299
5364
6559
9455
4964
4005
310
2740
5711
7105
7339
7030
2708
6162
8576
2876
4937
5662
2621
4285
8065
8746
2229
4113
3953
7322
8506
7978
4178
6246
2791
9128
3025
6947
8605
6929
8713
6772
2766
6923
5897
9525
3219
6161
7551
3059
1329
6166
8235
4958
2887
782
6179
7994
6636
1938
6301
5255
4376
2746
4151
6947
3522
5626
2724
1916
726
8898
3842
4002
4935
7802
216
2423
4909
2582
4168
602
271
4546
9343
2011
5911
474
5417
6088
5622
8085
1692
6611
2183
4073
4133
9055
2517
908
2640
658
4808
8904
5916
1881
3815
5651
9459
4679
9764
1152
230
3547
3115
2022
6931
6633
345
4845
8182
9684
3119
7113
6470
3403
5391
5547
9426
9562
5507
6431
8175
6367
7063
691
6345
9278
8437
8659
6677
636
1520
7220
9431
3300
3659
6009
430
5306
618
6652
7239
3401
3037
8016
4606
2301
8179
1391
8511
2704
90
7164
9076
9400
8538
3668
7110
7494
3408
2015
4960
2921
752
1605
8407
8514
3595
3405
6828
6877
2364
8848
2191
9288
6127
2769
9674
9936
9278
1057
3925
4340
8898
467
3761
3308
9359
8335
8870
1665
4688
3923
1920
8335
2968
143
9946
9515
2351
722
3436
1792
7637
4941
714
1317
2507
7248
4417
3411
7399
4652
3429
9863
6706
7188
9900
7844
9246
7408
2724
5043
2908
3582
6043
154
9930
593
8718
56
7540
4277
2805
6310
8529
3590
3473
3035
7529
3973
3252
9047
1297
5162
191
1423
3707
421
3978
7803
3101
7996
1618
7293
4104
8072
5091
277
4273
4483
9030
1455
1851
2822
1949
8365
6634
2888
5353
3268
3119
4664
3898
1244
6594
4644
718
9168
2367
4638
1634
9191
8265
9441
7250
5589
6473
5887
6536
3440
2494
8175
1572
3017
1532
8179
4714
1483
6578
2256
2080
6220
9620
914
1461
4155
1838
2059
6454
6955
3059
8323
276
7033
7820
5864
9875
891
7453
1883
7847
3319
8910
4990
769
977
1562
4692
627
7334
7678
6344
4375
9429
8067
5166
2932
9530
1414
4172
1577
6205
3636
4937
4764
6615
1375
9568
2445
9539
2530
4542
836
3194
7550
8727
7552
1657
6346
8497
6453
7642
7762
6457
5118
8757
9982
2885
161
6452
2980
4901
3847
3660
5789
7794
2749
5196
8074
6471
2272
4500
2473
5619
9550
9380
5602
3702
4231
5610
5111
6240
2326
5604
4346
3326
813
6391
6241
7845
8842
969
9825
9456
8879
1663
2444
2018
8076
8936
3193
8193
7021
7082
3304
2790
7575
8166
610
1163
5715
1779
9125
7520
5759
803
7505
4867
3232
8014
9492
4233
3079
786
5424
8260
9092
9262
6766
8093
8112
9981
9072
5243
4634
2384
8020
8230
3316
1382
9365
5321
6098
4951
3205
2323
5931
7393
5097
7344
4475
7084
629
6756
2114
2623
7047
4631
3950
140
9023
6082
6203
6050
2713
6072
2925
6078
541
5957
4059
8488
5957
9529
9061
5886
1793
8170
8436
730
756
1387
5390
3858
465
8809
3614
7536
1868
1425
8029
867
7614
6148
6657
2295
264
253
5804
2770
4684
3145
9297
5561
222
4799
7936
7601
2729
6185
9761
8898
9421
9745
617
377
8232
8948
5582
5345
2532
4282
1104
9046
3804
253
3273
3716
825
5261
4762
3764
1801
7107
4347
4038
9974
6119
1045
115
5009
8815
8376
7502
3876
2810
6393
9462
4763
7290
4223
5531
1322
9860
4284
8924
752
4557
3202
3932
4789
4371
5331
4355
3996
5972
1065
7520
9006
8728
1631
1545
4331
281
3702
6948
3750
6991
5402
9071
3149
8212
847
3244
1736
3588
1009
1100
785
5719
7819
8673
6734
1440
6743
7132
3022
7056
5675
9734
5421
766
2917
1831
97
6632
9767
4244
6110
9890
5201
940
6642
8089
972
8912
5875
941
1336
8150
6616
7808
5443
3896
7525
1695
9747
6045
8664
3644
4921
2043
429
3856
3592
8384
5518
2963
6206
7598
9638
3027
57
721
2500
7110
5779
9272
3260
7191
347
1116
503
1042
933
7651
4747
2624
4650
9076
8156
5525
9982
2356
5427
2348
9119
6550
4085
6338
7818
5753
4647
3349
7309
2945
1470
1997
8857
7094
3818
3085
6154
2541
4822
5939
3443
8073
9486
1586
2967
4742
7200
3674
8105
6488
2643
6152
7032
876
8215
8435
1463
5998
3477
3260
7811
1540
9222
1890
4321
1436
6477
5916
1532
1786
9798
8358
8678
3986
5101
7424
2055
8012
7769
8338
2010
8251
7726
9954
9694
6733
5044
4342
6830
3936
4973
1358
3475
6202
5924
3839
6755
9661
3608
3638
7046
9362
2216
9130
701
6745
3047
4159
3270
3549
545
7110
7517
1732
3663
1445
7090
8488
6985
5210
4027
636
688
9385
1365
7891
1855
3068
3739
1590
2529
1752
2377
5106
3533
8630
2794
9120
9036
4333
8347
8981
4828
7122
4530
4659
6938
8055
9052
6946
743
6080
6742
6863
2455
2597
939
3561
8017
7576
5864
5603
1506
1105
9355
211
8439
8734
7501
2364
3068
9583
2510
1744
537
360
4967
4522
5320
4804
1472
4850
4816
8518
3050
3866
9950
2558
4002
1481
4480
5920
4335
4597
9631
7585
553
1763
3058
1460
2054
782
7681
6275
5339
908
8639
6540
6893
2754
3675
7931
651
1654
3327
4285
1183
8503
8108
4285
4734
8478
1936
1245
2240
5594
3547
3850
3152
1188
371
1108
8860
4637
3231
9022
3024
2071
8706
4581
6118
8768
593
1400
9293
4004
7781
7670
9605
9093
2637
5725
7128
1166
1316
8933
1900
8988
745
354
8232
879
5434
3533
869
1676
992
8640
7637
2814
3260
1910
1229
7142
7961
9295
7658
5333
8458
703
8386
618
9125
2041
5764
2295
9646
4595
1970
4485
620
6786
5814
6830
393
8183
2596
5254
8937
8577
6020
3141
9125
1912
5519
9985
5113
4777
4249
5068
3460
2915
5760
2776
918
424
4495
104
8154
8667
1884
5257
1880
7988
7820
1044
8497
8942
7578
4245
6858
5767
3982
8902
4082
3891
1998
8085
8676
6905
7523
5002
4473
8237
6713
698
1747
4836
9868
4268
1373
5741
2539
5152
5272
1154
3001
2392
1101
1813
6836
2211
2942
4970
1486
8478
1692
2014
6338
295
697
1748
4922
8066
7793
4988
9856
5869
418
283
5308
8597
9210
3708
1008
8961
3945
8882
4900
1040
3218
9329
175
823
989
2378
2313
2487
8010
4355
8181
2190
2578
914
3482
1301
7382
8636
8662
3789
2595
2969
4094
1977
1402
7980
8050
6867
4607
6758
9212
5896
910
875
5617
3701
484
2127
3994
3853
9412
4631
5302
8019
7984
9004
135
2386
1348
7213
2270
7605
6828
245
1909
5182
6825
9390
5628
7308
1722
7814
7771
6818
2019
4521
2967
5220
7642
3255
2753
4760
9757
5688
1286
2811
9007
1792
741
6511
1118
5267
1803
7960
9619
2223
5325
7549
2318
5650
4827
9217
3126
940
9223
5765
3244
7938
3809
6122
6671
8851
8405
8930
6979
5339
1698
1569
197
4371
9850
2445
5739
6040
5220
5008
8141
540
3803
6809
4092
3863
1991
5251
7968
9459
8617
8813
9729
5529
5293
9385
3728
6861
7905
3070
7550
7795
4633
2983
3147
4154
324
8951
6817
8559
4703
7971
8353
4940
800
5779
5624
6425
6627
2706
7309
9685
7434
6044
3920
63
2216
2147
4689
3871
1954
4922
2220
9159
7522
5709
1995
2362
1914
567
9465
4684
9369
7075
6397
9051
7135
621
2822
667
2389
250
1515
1986
1624
8609
9186
4798
3597
8966
6491
6120
5470
1858
3567
473
5218
5201
6051
6802
9602
3899
1341
3683
2700
8044
1213
4823
3711
2643
3654
904
2163
6746
1516
5058
2509
1910
2810
6102
5584
945
515
7585
8988
1469
8745
9992
7450
447
7463
88
6632
3011
478
7092
7679
8827
5480
1085
9330
4208
3741
3032
7694
4102
1710
9239
5535
118
806
3598
6556
5859
417
733
5705
5643
4036
8504
8132
190
411
7865
1250
2581
4804
8416
350
3812
5656
4325
9074
5830
5083
2586
2783
7513
4675
3635
6442
5809
520
9165
1582
8822
9220
94
3154
5134
2007
2163
4426
9703
8750
2409
4120
9446
2564
3350
2441
863
4073
9543
6430
2692
5525
2118
4100
3094
2432
625
1701
5146
8949
6009
4087
6503
4544
3908
9048
5612
6321
576
7619
2455
2436
3398
5104
9943
1192
170
1283
8808
6778
4597
2011
7267
682
3437
8821
2608
9405
5628
9300
5693
6961
5599
7522
5739
4401
9195
4168
2168
7432
4556
3757
4772
7724
7332
9301
7060
3416
5843
8374
7684
8424
3737
1381
480
7716
7576
4174
8092
1485
9596
1166
802
9390
512
7120
8908
9749
1662
1017
5752
5902
7728
8136
240
1155
4529
551
5664
8495
3137
8781
6992
5567
6149
9164
2233
6692
6894
8711
6010
4140
8617
2510
9163
9626
6860
197
8230
5802
7028
1555
1775
5752
8022
926
7617
3743
1025
5149
6329
4011
7897
7517
2443
5627
3379
5674
4556
9899
1537
2880
8542
2402
9005
4527
2559
9374
9778
5530
9962
2037
6371
8355
7597
2375
8508
9809
4257
9886
3932
1212
5281
611
303
711
984
8761
9242
9367
1274
5194
9290
7928
5899
804
5068
1346
5111
294
2080
2996
6809
1835
6117
6657
7049
8074
2641
2388
1395
1287
3224
8041
3317
3595
2748
3233
3436
3873
8955
2303
8912
9242
2571
1262
1696
1503
9947
3234
5165
6326
5008
3077
8936
3072
5969
437
5601
5116
6030
3436
4499
8391
8474
105
224
8216
4298
9713
8024
812
9521
9367
7191
5423
4091
4565
1085
4706
9608
65
4606
9391
7065
8984
6538
8151
3788
6848
895
7840
6861
812
9753
7230
9250
9918
6588
8664
7894
2707
9254
7822
5034
9179
3190
1626
2081
9923
2202
4383
1021
9148
9222
4622
331
2750
153
9597
8242
8266
4439
3362
6764
5376
1866
5898
1950
8794
1146
7060
2732
5809
5465
4610
9399
3289
1809
1709
6453
5308
3726
5724
5047
6418
999
906
8503
3375
8292
3528
811
1424
5767
8089
4178
294
2499
5460
6144
1900
2289
5746
9495
1720
2479
4135
1589
9085
2922
5423
2930
66
9090
6994
6312
2857
1360
5709
1026
2170
2132
4001
6467
4069
2544
1838
1160
1515
4383
6024
8501
7520
1412
3526
3301
2432
6701
8580
54
2725
9817
3690
9540
5183
6902
7750
3037
7486
4445
7295
8688
2853
5410
8231
8164
3399
675
7963
150
4594
6670
4047
9900
4347
7350
6619
9584
9083
1716
5070
8062
546
4963
1164
7893
496
9550
2996
1442
6224
6384
5586
6214
8044
9892
2794
7593
8889
3724
6269
7140
7150
5745
8512
7975
179
8406
2638
7988
5699
2700
8573
7699
7866
6746
3703
4198
2326
9952
9129
6453
3121
7273
5619
4104
4098
4965
2963
2489
4970
6252
5986
406
5168
9455
3543
3144
3867
8721
1198
848
2257
2896
3601
7206
2996
5638
3229
686
6798
3460
8334
9328
8699
7033
6800
7772
3457
6076
4874
9957
8895
3756
5000
7664
1910
8613
3770
7006
2209
1987
3136
858
7088
3822
1763
8787
7396
2215
9186
6861
506
6675
3251
4031
5311
508
4152
8994
1739
879
109
3036
4688
1094
5105
7243
6701
8738
9049
9453
7427
8413
8113
9468
1894
8301
1385
3224
1402
4876
8757
1036
5039
4179
2046
637
2360
2607
4884
3210
8309
6312
4437
8162
2710
4557
2908
8902
6482
1284
4430
351
9802
6231
6028
8301
4370
6776
9314
1969
8301
4086
5418
7221
3249
8620
8696
8646
4982
3719
7502
1825
8000
7111
4192
8232
8526
2200
1796
2883
4365
9643
9450
286
203
4375
9009
5402
9964
4959
9864
788
3895
6372
6665
8753
7579
109
7936
600
3631
2153
8146
2773
6339
1470
9325
7358
296
1319
4383
8467
1935
6555
2967
1213
2719
5127
1861
2731
4319
4486
3283
973
541
5306
3993
3170
1711
4693
4749
1429
3350
2646
5476
9423
8381
3865
5481
5782
376
4788
3891
4011
9638
9895
4765
8795
6107
2856
5394
2952
5074
389
5515
9653
3019
3301
913
6267
6597
9458
9104
1184
2462
8790
8983
2187
375
5580
8795
1029
5607
8060
4190
78
6267
2356
9843
7011
3248
9893
1382
8908
6714
7866
4949
2938
4652
6556
9989
8610
915
527
141
9694
7615
2020
3831
7279
8480
52
5452
1413
8546
7586
3063
7188
7865
9402
5882
2020
9669
2101
611
6867
9276
1889
1635
8729
9017
6615
9227
9894
2042
7229
2652
1034
187
7582
8378
1108
3060
4102
1328
3777
6516
8745
3484
179
368
4131
2075
1401
6792
2539
3149
1388
4556
972
3013
557
2968
2318
1341
8789
1260
7557
4720
6417
8773
1552
9069
8561
1165
1791
8650
5901
9167
4695
2556
3385
7225
1552
7055
7873
8009
4253
3399
1176
3126
1774
6493
5707
1520
3190
7890
9529
213
9419
9511
3405
2200
4851
8434
4491
9958
7301
7529
1766
8491
2858
231
7398
7273
4940
4395
4722
6598
8481
4356
3232
7065
9335
2725
9327
75
1271
2669
739
9677
1460
3724
1293
9283
8469
5581
5610
1597
9012
8796
5511
3953
7119
563
1225
1810
8109
541
5065
6614
848
6548
8702
1811
9374
4818
3398
8299
4075
6721
8004
2722
8921
5240
9905
1640
8533
4762
1613
9045
278
2717
6942
6522
6447
6843
6379
3793
7192
3129
9113
892
3732
2587
4831
9366
4589
3359
4505
1556
9334
747
9818
5264
835
2490
9201
5233
4173
590
4637
2099
9073
2908
5922
4789
664
3978
4949
3020
4442
4992
3933
5200
7185
3530
4080
2621
8161
9165
1802
7060
2838
9689
8247
3619
3077
6506
8577
70
3452
4741
1235
4953
7873
2054
9585
4166
7086
834
8440
8389
424
7903
246
7762
2343
7060
5522
6043
9091
8319
2186
2357
4500
5770
1578
3728
7357
2971
4407
73
7837
6476
3179
9015
1793
4143
4799
6482
4669
2695
1074
9392
6727
8223
360
5310
9297
7528
1061
4187
3458
8668
2882
4034
1507
9087
4120
1171
1103
729
6573
1532
9179
7830
7281
8710
715
9383
1127
3700
4343
6054
8689
9344
5650
8028
4935
145
5910
2808
9986
5395
3889
7396
159
9738
1891
9172
7436
8122
5579
1581
1646
9110
4469
7516
9394
3796
403
7538
5114
2566
3942
3692
4522
398
9692
8844
1700
2411
6477
8577
9665
5087
133
1607
4621
1065
7194
4858
8704
1958
5826
2890
4624
9703
4239
6065
5135
130
2143
4020
4889
167
2402
9425
2023
7477
2568
5306
4665
2974
9242
8372
6663
2462
7060
6144
2357
8852
3047
7175
4775
9571
6780
5551
7420
2558
6236
6441
3186
796
2671
7526
5874
7718
4262
5791
3794
9049
6778
6126
3827
6278
1597
6438
3724
1287
5942
5174
7175
3004
9465
1693
2754
5112
842
4521
6716
6611
8231
8380
1758
4101
9354
2813
5470
606
5454
9527
2215
2794
2639
5838
4332
3010
1160
6208
2899
2044
998
4102
9596
8016
3623
5750
222
5413
5158
8312
9240
5408
6930
1568
8959
3821
3858
9157
8928
8229
4279
2039
7984
1186
5008
9314
9803
2366
5929
5956
2992
6691
3127
7822
4521
7152
1018
6609
6844
6093
2412
8887
8018
2998
982
1919
2744
2779
7393
2939
1698
2919
8420
5480
9493
3295
3785
495
3290
5725
6940
7162
3978
9112
3519
1168
6906
1977
5526
4890
4781
6267
3386
1067
7489
4827
5391
9727
9477
2385
6682
4704
4088
4118
9049
8677
6044
5782
2424
3670
9707
5168
2069
4466
7778
6697
5501
4554
7535
1050
7991
1319
679
3173
8022
1197
9818
178
6297
180
613
7208
6096
9586
634
1730
8989
7064
3361
5679
4899
2008
1034
4752
9134
338
1796
5950
105
3584
9550
6920
8905
6060
2433
2912
2782
4924
7540
7574
569
4921
2157
7508
5353
1115
4931
4219
2397
8847
2810
4457
5896
3540
9461
8097
8580
7887
5821
3325
1182
2496
1190
9288
9917
7909
2559
4025
6958
9079
1071
2106
2702
4092
2516
2230
9891
4590
5729
7090
4707
5475
3345
3763
910
8725
3678
494
8708
4065
9192
4597
9303
8738
7279
3689
8136
8374
4468
2639
268
6150
5980
1099
247
7339
3532
429
1371
8318
4702
1480
4469
4608
835
91
4557
432
3570
3928
8633
9602
395
7450
4594
8543
3651
3814
4399
5850
2132
954
2585
1247
8984
4079
9185
8430
9616
3782
5451
2318
9561
4439
8025
5085
9782
5623
2915
346
7704
5003
6191
6040
3775
9189
2407
9804
1162
2800
7704
1587
6676
1869
8491
3324
8722
6138
9229
5539
5128
9142
317
7361
8769
5728
6626
277
6941
5781
6895
7250
2953
2399
9728
4183
2023
8394
8254
541
5471
8178
2301
5437
8265
7164
4143
3153
6331
2693
9482
8231
1300
9303
6284
158
3458
3965
5697
9833
6633
2932
4021
2591
1291
3106
6779
8366
4619
3416
3114
3533
1311
9173
7456
5250
8750
146
4836
8362
1740
4090
5647
1992
8045
9067
5352
5756
4489
4733
2350
9504
2787
1925
2768
2017
59
1935
8443
9921
3398
2397
3833
7497
5148
9834
4697
1033
4464
6143
8293
680
7984
9106
4017
3991
8551
5668
305
75
9957
4578
4672
8733
5240
712
6528
4570
9857
9487
9384
4371
7364
9072
5147
6491
9181
4399
4400
8070
4930
3317
1786
1312
4749
9991
4753
524
1433
4485
3191
5634
1271
7557
9681
5832
5028
283
6015
8123
5002
7897
6595
8514
3671
2782
7769
4907
74
6203
9277
3959
9084
3205
1295
4675
5383
4943
673
9173
9675
7592
5510
9484
5521
4284
2162
2264
6498
8873
4396
5963
4275
5082
8123
5830
4688
6827
2994
8862
2323
8894
1433
656
8055
4636
6946
5623
7181
850
4094
6740
9163
8717
6817
5208
8869
1298
1691
1986
3322
7884
9724
3578
7628
847
994
1266
9181
8659
4974
6098
7182
1074
360
589
7881
6120
681
7346
8902
5292
1234
3507
7455
5680
7204
3872
2941
3792
6839
7307
6118
164
2129
1423
1705
5776
7754
9173
1127
517
6469
5944
8778
4387
2618
2962
7068
1888
4645
9276
8682
729
1768
7440
3430
3117
4859
2138
1140
1794
2830
3616
6253
593
2494
9289
3858
8295
8744
2025
8836
598
2840
6398
1711
3020
6883
7547
6705
1960
4093
2435
8310
6032
8201
3353
3351
4940
1697
3096
4893
6091
1193
5834
3977
9503
7745
1414
7362
5284
5219
4351
546
8725
7572
9966
8599
6215
2451
7203
3028
5621
4725
9480
5357
9624
6693
2290
824
6239
6189
1523
9541
1074
882
4033
4822
5691
5769
7115
833
5063
4922
9152
8437
306
8000
9898
3692
1286
3530
4401
2276
3483
7379
6164
6350
2563
2381
7914
1841
5595
7058
1690
3367
2527
942
1829
1601
4595
5557
4646
3342
2282
9777
8388
1700
8826
4851
5231
1708
5622
3230
423
6839
8904
3739
6795
4865
2956
5713
3825
6629
7972
6324
6091
7670
1109
1452
9985
2512
2740
8509
4056
7525
4255
4565
807
7907
5748
6269
8648
1047
8089
6508
200
3368
7972
8464
6060
4742
8584
2038
8837
9926
2332
3061
2080
1094
8205
7625
7709
4881
1307
3036
7000
2089
7427
8727
7273
7422
4874
4631
6508
4736
4452
4717
5460
3152
3216
8469
7054
1026
8254
3596
3556
4093
6991
8526
8600
785
115
3720
7106
2718
8004
4567
8681
7413
2080
1870
1732
107
6678
4685
6871
1969
1024
7048
2597
548
4355
6884
2645
8593
4978
4636
6799
4622
2380
697
8346
4172
7385
1138
1341
1671
146
4063
6657
3724
8336
1439
4396
5637
5930
660
782
4732
8801
1961
6954
441
3370
5035
450
9089
4917
7936
3556
7099
4067
9826
9802
8517
4890
8148
4291
2856
3450
7453
236
5348
320
7756
4932
5614
8217
8085
596
9826
9407
8834
2451
7118
96
1271
2598
7587
1905
7854
5579
8601
809
4843
3016
1101
6178
3542
2664
8584
8759
1023
1769
5344
8448
5918
6594
1621
9743
2943
8657
7906
5052
1152
5061
4824
7744
2880
2344
1161
6952
8761
7480
761
2979
3147
6675
126
1986
619
5032
2437
8330
8242
5415
1229
4764
5568
1145
8118
3494
4787
1245
3021
1323
1771
749
4762
4012
3497
648
2587
7117
2246
466
5402
3204
8387
3979
1564
3706
2770
9353
7240
7504
609
7873
4009
8494
5741
831
6366
6067
433
4404
7414
8457
2564
4751
9087
4705
3615
2174
3220
9017
7745
4989
2461
2473
7543
3421
1213
1447
105
1911
7181
3456
3802
3452
4443
7738
8129
4033
4858
7303
8523
6394
116
8037
9240
4802
7486
3854
2354
8446
1843
5078
8583
5830
2228
367
6330
4682
6357
8740
3513
9702
4893
9113
9454
9062
7343
179
8807
4733
9418
4571
8175
306
6765
7647
7680
9805
1277
7377
1695
5415
7258
182
2806
5366
8218
5076
6303
6303
3011
1829
375
347
5643
3948
6152
1924
5159
5203
9826
2447
6946
8767
3776
9179
6856
458
6562
263
8608
3539
6403
7684
7187
6266
3573
3302
9844
6418
3137
9705
1732
2115
2045
8722
7851
5556
9120
677
2188
2263
9181
7114
9152
2137
1840
5403
5874
1695
210
1406
5983
4104
503
1240
1724
856
5584
3511
4678
7817
553
511
2541
3842
1609
59
6950
3197
6928
4529
9911
494
706
2500
8053
3298
9991
1696
3174
556
9957
4092
2036
276
8118
3649
5171
6143
3103
7093
8797
1717
8133
6899
2426
9394
511
4723
840
8948
300
5088
4774
7330
7078
5906
7736
9810
5690
6785
8542
4436
9622
6469
3805
952
3360
7026
9884
3970
4264
7171
8666
3452
6523
9663
1326
3034
5606
2932
2218
620
1291
2023
2388
5217
4333
3283
7808
3934
7626
1534
9026
2828
5347
8041
2804
2244
757
8516
8626
2370
901
218
2376
9701
4883
9247
2103
6682
9131
5174
7214
5234
2145
7526
5687
1989
7109
9586
6138
6876
9607
8806
914
8448
6003
2236
7087
1479
5027
9951
5805
150
9506
878
1172
2834
4305
7855
7845
9724
9912
5957
1598
9193
4508
9652
5633
6781
58
2659
6830
9716
4936
9986
7640
5081
7155
6956
808
4593
462
4819
1993
6408
2607
2827
3140
6192
8820
7590
7948
1790
8631
215
4781
5056
3690
4461
8394
9047
4774
6726
5417
6296
4501
2009
2644
2757
1194
5897
688
5331
8660
2367
7477
2033
6593
4062
2782
3218
7565
1259
6980
7952
3511
1005
67
9333
1257
6963
6716
5780
6194
8657
611
2546
2495
7608
7408
3635
9012
4169
5337
9157
3923
2368
417
2423
8943
4384
927
5780
6217
2749
1940
7998
9949
916
7961
4691
8072
3545
3003
9517
1881
7587
4595
5057
8161
2122
1562
7579
8942
2050
2130
6990
8444
6175
4732
4556
5777
1987
8028
4152
9483
2809
1846
2986
6820
6365
7311
420
9928
788
6508
3538
4040
378
3957
6700
9110
582
1782
8295
708
6749
4996
9384
7193
8996
6105
4874
6680
7646
8206
9108
4863
3093
7965
3089
2810
2025
2180
9563
6180
7324
4787
9552
310
4479
7203
9031
6094
6899
344
438
3491
4310
778
2915
6072
8393
7025
9080
4837
2335
4849
9927
7202
7631
8679
1655
9192
2262
8765
2177
1486
2325
2720
1037
8118
6527
8747
955
1118
7594
1178
7808
9011
5575
7749
1519
916
8750
8220
4858
6095
2629
7808
8542
3839
8532
2333
8348
6151
5789
2468
9767
8649
1903
527
8206
3656
4388
4871
5222
8132
3587
5426
2222
1805
7887
6491
2756
7508
5798
6321
9025
1691
2543
6196
7587
1083
5338
2549
801
3945
5575
9932
4026
8593
6684
3752
178
9455
2929
358
1925
6397
6537
947
3552
6412
5489
3174
2512
6728
2408
5882
9103
2214
7769
8708
2583
5803
8342
3502
1857
4765
1185
8510
3076
8806
600
9762
9750
7315
4284
8848
1559
2719
6927
9066
2475
5333
8070
1956
9796
9106
7002
4792
4372
1198
7663
5311
1416
2640
4233
6535
2744
6841
4306
4935
8110
7392
7232
2443
8881
9296
1147
1970
9144
9057
8800
1860
6264
1377
4179
9391
2670
5289
6119
6539
9558
5806
5515
2367
9722
902
5253
6190
6298
9930
4125
4503
3719
9757
5663
9508
3738
496
1534
6484
8731
5417
3260
2428
636
3596
5851
3213
3696
2562
5128
9226
1664
3693
7645
3085
6482
4652
8414
2820
4998
9373
7737
4791
720
9998
4325
2087
2789
5471
1548
8361
7106
2482
1435
1043
2655
2839
5423
7261
3303
8100
4723
9901
9991
1614
7942
4579
3687
1823
8367
2586
9090
7892
1434
6717
6036
4116
8162
579
937
3466
2449
5875
1497
6047
2785
4859
2747
6048
4375
673
178
3414
7683
6792
7322
3531
2214
5279
3095
278
8217
8032
7028
1830
3426
7325
6877
7217
8568
3162
1234
697
7147
9537
2736
1106
3481
6538
9909
545
3815
4362
4547
8529
5421
992
8734
4086
6006
266
1093
8699
8262
2431
3382
9772
4218
1475
3005
7204
9024
6157
4015
521
664
3202
5956
9754
9560
1174
4412
6446
3408
399
4955
546
9399
3420
6238
7656
8822
6440
3169
4628
2610
3302
8141
1802
9582
3701
8552
975
4771
2133
3816
8189
2897
7368
3335
6320
5842
3488
4162
3832
218
3495
2204
4732
5178
847
7848
5168
3624
75
7642
8763
7472
1118
8146
8923
3064
9276
3788
7864
6960
6595
6929
7087
5805
2698
5589
3023
6482
4864
305
4565
5051
8090
2024
2489
7157
5006
9939
8539
5108
2978
1242
1047
3550
3153
8203
9311
7977
9808
6767
4828
4855
6010
4258
4680
1778
1779
8944
7871
7546
8735
2338
8467
1648
8920
1919
6009
5985
9850
3251
7349
625
7971
8898
3900
2235
2806
8696
1135
9829
8608
2007
9493
6028
2600
4539
7788
4848
9723
3487
3784
7400
6869
4057
4766
7847
2638
4019
920
5620
8244
1094
2981
2344
9847
3152
8081
1185
2685
2595
2628
4834
9036
9669
5440
7840
371
904
2420
3657
5226
6747
3458
7919
4608
2392
2181
4788
901
5400
2193
9513
6249
7665
1588
5076
5957
3835
2055
222
7392
4527
322
2822
617
6325
7847
1469
3279
738
5943
5780
9198
6075
1397
1928
899
3332
5910
8620
1959
6419
469
1908
498
2335
4430
2632
2153
2626
1894
7507
2013
4197
6202
3620
437
9694
1773
5207
4120
270
1470
9612
4194
7722
3549
1403
6333
3180
3099
4837
5395
2734
490
5623
4988
238
1785
6527
3897
2062
8984
574
6053
6245
8281
4781
1584
8267
8822
8765
2969
896
8362
4017
6568
3867
4562
1458
2807
1222
283
7146
3864
3673
3914
8117
6945
971
2153
9239
2556
9172
341
5541
1938
4878
5246
5273
3708
5054
1713
661
2079
3727
4983
7261
499
5673
5449
2866
4206
325
626
339
7574
7865
474
9179
253
9274
6895
4719
7697
5938
2194
2245
530
9608
202
8108
4986
4985
7964
7178
2155
652
114
4838
4134
7482
7940
3036
4629
548
4513
9827
1383
2663
1379
5473
9564
4154
7746
9884
4820
8494
2867
3698
5939
1386
5793
2028
6863
9290
5563
6984
9716
275
7376
5122
3684
8953
3534
6352
1793
6275
1388
7308
5458
6214
1749
2414
1099
462
8790
1028
4666
2047
8929
678
8075
3411
2581
5581
8900
4358
5626
5723
4198
5423
1583
8479
9800
3408
2242
2152
1310
9605
2530
3276
4957
5890
683
7148
4534
7697
7259
4654
2845
3202
9009
9427
3800
7295
5866
5490
7345
8269
3240
4528
2571
8354
8879
8264
964
698
2845
5229
188
4423
8351
5112
904
8090
1810
9761
2003
8697
1340
6723
2757
2248
3926
2171
955
9434
7961
9316
1696
4846
2077
1957
1892
5508
8259
6078
2825
5198
4384
9480
8683
6427
2791
5105
6930
7964
9533
5386
7179
4064
4793
1152
1551
5957
5674
650
8767
8851
7077
1808
6753
9729
1674
9684
9000
7671
7219
426
6535
6186
7477
7673
3619
7111
657
3774
8875
1328
1980
4936
1781
7011
2599
727
1593
5231
151
1745
3084
2205
7398
5627
9917
8908
9841
6032
1676
5151
3887
9145
4705
5665
778
2335
1479
803
4076
5032
436
5068
8155
1289
1000
8750
2759
8572
1530
4515
7528
2255
1662
7407
6132
4323
517
9922
3448
300
4771
4533
550
3819
435
5163
1191
4139
7178
7943
1912
4364
3827
4787
9163
4991
8433
3835
9148
1307
7290
