10000
82 85
68 46
85 53
61 97
28 46
69 20
26 12
74 45
55 11
88 85
80 75
95 47
29 53
93 99
82 77
66 97
43 85
31 15
90 11
37 49
64 69
98 12
45 71
50 93
54 63
71 81
47 48
77 39
24 45
90 30
86 67
69 21
48 47
16 33
18 93
18 78
22 35
73 18
85 26
49 31
45 31
92 18
56 87
50 88
50 63
10 22
15 58
87 36
90 25
14 94
47 93
16 61
26 43
14 42
88 18
18 56
47 23
96 63
57 21
46 66
81 56
17 42
80 99
55 88
14 47
82 92
86 26
82 11
81 12
23 82
55 44
74 57
43 68
80 98
48 27
45 90
26 82
81 74
54 25
68 40
67 70
45 90
90 98
60 92
25 68
25 85
50 49
54 49
95 87
14 97
27 90
58 14
99 59
71 32
11 11
96 46
73 53
83 75
94 32
28 33
80 73
45 81
71 13
80 69
82 37
49 99
45 89
16 40
94 36
49 46
70 81
85 27
94 44
92 61
11 69
10 52
40 29
10 34
48 61
16 34
92 97
89 37
10 66
81 45
43 55
30 45
71 94
22 16
88 11
10 43
89 86
74 23
69 34
82 58
16 52
32 14
37 20
79 43
90 15
47 51
12 21
71 21
11 93
93 98
76 91
14 63
10 64
59 11
29 10
79 65
44 36
43 50
96 64
53 85
87 71
13 51
45 99
31 32
74 45
64 32
47 45
38 22
54 30
75 88
88 64
88 41
11 65
30 82
51 91
70 63
37 88
95 64
76 92
23 15
74 34
13 15
75 27
54 40
79 76
27 40
91 55
75 56
15 55
20 10
14 24
37 40
15 72
88 56
58 30
37 42
41 10
82 58
36 31
66 57
69 15
34 10
51 71
70 57
52 95
97 25
29 95
95 48
92 23
96 10
91 22
58 76
30 53
88 28
29 35
99 52
64 83
46 41
51 79
94 81
70 13
58 10
96 27
66 26
84 53
89 75
42 30
57 57
79 63
48 33
77 21
53 76
51 81
25 27
12 73
63 78
86 65
82 85
76 20
53 61
30 48
83 10
70 67
37 68
35 75
31 29
78 93
15 18
62 57
75 67
54 76
46 26
28 20
65 25
38 49
53 57
51 53
47 43
62 73
65 39
28 49
15 86
99 44
57 69
50 87
37 12
83 57
36 40
76 81
28 32
93 95
93 44
88 23
53 17
21 51
69 64
57 86
90 37
38 93
70 47
18 78
59 33
69 80
98 76
94 63
21 54
44 82
33 89
90 67
22 73
95 88
85 37
86 94
76 37
60 96
62 23
90 17
65 26
72 33
62 65
25 88
50 92
12 42
42 50
82 52
90 50
76 43
86 42
70 26
76 79
29 50
27 93
98 19
65 22
60 99
91 21
62 85
91 24
42 83
44 98
20 69
70 59
12 29
14 86
72 90
83 23
41 95
85 82
17 49
63 27
77 70
44 30
81 23
81 61
34 94
40 47
72 28
38 28
76 29
62 74
56 71
83 21
53 28
48 20
74 84
75 94
98 88
68 98
86 24
90 30
59 67
62 13
81 64
95 91
69 47
46 66
83 88
91 33
23 71
32 42
96 68
63 37
59 67
80 41
91 53
30 36
13 99
16 98
44 55
36 50
50 54
12 62
71 57
20 47
61 23
21 58
52 44
29 38
58 96
34 39
90 67
51 61
63 37
17 32
53 23
80 54
16 87
16 76
63 16
77 56
30 17
64 70
21 20
56 22
42 93
35 95
91 46
95 12
70 91
93 19
61 47
33 61
19 13
77 10
23 69
43 77
88 15
84 76
98 34
73 27
96 26
64 28
47 49
97 31
78 14
57 93
16 12
95 60
98 36
84 51
85 21
93 18
55 85
50 33
49 17
35 72
53 54
97 80
53 88
12 76
18 75
22 77
36 73
43 62
88 23
79 18
54 17
41 54
37 38
35 16
13 97
24 45
99 30
18 24
15 70
22 33
39 82
56 57
21 47
14 26
10 24
17 84
80 67
73 30
46 21
51 50
64 95
57 18
85 32
83 66
81 63
88 55
56 17
23 32
19 72
39 77
86 65
93 17
87 97
20 96
79 67
60 47
83 80
42 97
51 26
14 39
90 45
13 16
66 75
44 70
45 66
74 37
78 57
59 38
70 13
55 16
98 32
69 14
68 76
51 32
15 84
68 58
96 50
99 42
18 16
67 76
20 54
85 53
25 32
15 65
14 93
56 17
78 10
43 79
93 79
79 53
71 33
59 24
16 45
53 28
78 83
73 17
68 29
38 78
20 94
42 53
20 18
99 90
53 43
49 17
61 68
89 85
75 79
48 95
45 48
18 14
67 74
10 41
51 42
38 28
49 44
18 44
87 86
61 98
16 21
60 33
59 80
42 44
73 19
94 34
28 24
98 60
53 40
64 61
84 31
96 59
63 62
85 77
10 77
36 10
39 73
24 44
71 39
42 81
43 71
83 90
20 95
41 12
55 16
77 87
65 86
96 52
42 21
85 32
67 50
14 89
37 36
39 96
51 98
61 64
55 61
52 71
89 25
55 41
78 14
77 21
99 80
60 94
37 77
75 38
41 54
66 85
52 44
93 57
91 50
81 30
97 11
22 11
92 56
17 40
31 60
43 90
13 14
78 11
63 67
88 12
38 92
81 92
63 97
12 51
88 55
78 94
42 51
64 63
20 60
18 80
37 45
53 76
21 23
79 34
42 69
70 54
99 14
82 66
83 23
24 78
88 89
36 35
52 67
18 70
14 18
63 73
47 85
92 73
59 73
71 96
95 59
41 80
17 66
97 15
24 24
15 48
24 97
71 52
84 84
63 86
86 89
12 35
19 57
15 76
98 21
66 18
57 40
99 34
98 30
54 73
37 34
79 33
62 44
63 87
30 82
47 31
23 63
35 14
13 34
74 18
46 86
11 19
92 98
24 17
38 87
82 51
25 23
89 88
76 71
13 79
85 64
42 16
88 28
37 84
12 16
40 26
65 59
55 29
15 84
17 21
49 25
73 93
93 66
24 40
14 55
46 14
44 94
61 80
45 19
27 39
77 39
26 52
55 39
31 84
73 58
74 82
37 94
17 69
29 22
99 15
35 40
92 52
73 91
10 67
90 12
22 26
91 19
28 76
19 69
92 86
67 55
40 74
76 94
17 78
80 79
57 15
22 32
45 36
85 38
70 29
51 92
81 94
56 89
86 31
31 79
91 95
28 86
50 92
28 88
27 17
89 17
74 45
76 16
27 76
11 52
92 46
86 41
44 29
42 38
68 72
79 54
89 20
21 68
33 93
12 80
53 35
45 36
74 11
33 15
92 72
29 76
10 14
71 41
93 86
60 73
58 23
19 84
31 83
23 44
91 37
88 91
26 70
95 25
19 86
42 61
24 32
32 30
46 96
51 42
43 19
14 83
50 75
67 16
17 99
75 50
80 45
29 64
89 20
47 13
43 95
14 58
71 16
74 60
96 52
60 98
59 74
14 87
42 60
99 35
98 77
68 54
62 28
78 35
37 98
75 30
32 71
42 63
66 50
41 91
93 91
17 44
21 94
43 31
42 38
50 73
74 33
67 20
10 83
65 46
11 81
31 37
65 77
79 84
85 49
93 57
93 88
39 28
63 33
87 57
75 41
24 58
16 98
97 76
58 61
52 78
46 64
56 12
71 86
81 74
44 65
82 90
82 40
98 57
21 76
13 14
86 10
35 39
13 11
87 45
23 64
67 27
66 52
63 73
72 10
65 72
49 72
73 15
93 71
79 58
36 22
55 10
34 65
40 96
35 47
83 80
87 75
71 38
74 32
30 97
51 64
15 76
78 81
46 87
54 77
58 91
57 53
65 43
35 41
10 45
58 48
64 64
75 76
58 77
34 56
41 34
10 39
29 90
71 84
49 84
27 97
55 12
22 70
56 23
25 52
82 32
95 24
86 97
25 78
44 59
13 39
27 70
57 58
76 46
24 44
60 38
27 36
23 13
55 79
85 15
47 88
55 21
94 17
17 53
48 67
26 14
90 51
63 27
35 63
29 62
92 63
11 83
34 84
28 22
15 42
59 40
70 22
55 52
28 22
52 71
71 25
69 58
20 86
47 21
36 18
30 60
61 18
44 48
74 30
27 20
33 15
44 90
32 14
77 95
82 75
58 87
57 65
89 26
92 40
91 42
32 89
20 40
99 31
32 12
97 94
92 61
79 67
59 79
31 74
85 74
88 67
56 51
81 59
32 35
21 29
75 87
23 38
56 69
46 47
23 86
85 91
56 89
68 99
87 94
45 41
18 48
10 17
94 12
73 96
63 92
40 67
43 12
56 46
53 26
52 95
66 61
84 25
48 22
37 63
29 13
33 53
32 13
90 72
86 30
89 30
59 70
82 33
45 26
71 20
71 16
17 91
60 58
67 12
12 11
71 21
43 14
93 28
68 89
56 79
94 69
26 27
42 50
61 79
16 72
13 97
87 48
84 51
51 15
55 47
14 73
34 32
57 78
50 68
15 97
20 96
27 69
66 64
78 26
27 64
93 44
80 44
51 74
37 42
77 97
92 84
43 21
98 34
27 37
84 59
31 83
81 20
26 28
14 30
94 75
27 93
51 83
41 38
28 65
92 15
85 14
33 85
16 35
15 66
49 30
87 52
43 93
78 50
39 18
53 17
23 46
74 84
30 57
44 74
26 67
28 19
76 48
96 99
92 27
47 26
80 23
93 92
83 86
49 50
84 99
36 32
61 67
74 59
26 22
69 65
62 36
21 62
17 25
43 22
22 40
71 17
27 31
16 37
25 21
33 27
27 40
28 56
93 93
22 31
80 39
79 45
31 70
90 66
62 25
77 46
58 54
38 92
91 23
33 77
38 26
74 87
77 88
23 43
22 32
71 84
73 49
74 52
66 82
81 77
72 13
54 53
95 91
62 70
27 70
33 70
94 83
12 78
84 93
75 68
96 46
45 34
72 22
23 88
61 76
48 89
49 68
23 19
10 33
22 66
45 65
37 90
36 43
66 80
76 80
13 65
77 35
60 69
95 63
65 41
28 53
10 67
52 23
63 52
74 84
60 20
66 40
20 48
88 10
54 35
39 22
37 10
68 12
99 53
45 11
92 24
92 30
38 54
45 97
23 83
35 40
19 41
18 18
71 67
10 21
24 96
46 69
12 92
32 82
58 91
39 30
30 30
70 56
91 30
17 49
73 81
20 73
86 19
24 92
40 62
90 32
35 93
40 12
80 97
74 61
63 17
70 88
73 40
70 84
60 98
46 92
89 83
26 30
88 25
32 56
19 55
68 72
36 53
72 60
58 98
80 37
14 24
22 15
13 28
38 89
27 44
43 51
84 29
75 99
49 75
95 37
51 17
78 85
95 68
49 49
39 99
66 95
15 69
11 73
20 17
28 77
36 12
81 84
46 25
82 70
43 60
48 83
38 25
72 93
68 64
14 55
85 89
27 19
98 19
22 34
31 50
26 85
17 31
30 87
67 83
92 26
47 17
15 48
50 65
35 45
50 58
61 57
75 97
97 49
84 18
32 23
45 63
84 70
39 21
38 95
65 70
34 23
36 59
72 27
10 23
90 36
70 63
19 23
65 77
50 93
97 43
25 35
14 48
92 49
30 58
31 15
31 12
86 95
32 66
44 85
32 15
47 30
92 88
75 89
19 40
44 35
29 10
42 79
36 89
89 30
63 81
60 41
32 39
15 74
48 46
83 50
43 96
30 65
88 50
70 31
65 80
12 74
49 45
91 76
98 41
79 40
14 15
37 48
98 63
63 20
88 30
25 34
64 38
54 84
53 23
63 76
69 40
12 12
45 23
56 80
48 41
66 48
51 17
45 99
84 99
16 86
83 75
23 19
29 57
10 58
66 14
64 99
59 17
68 95
17 30
14 83
33 93
21 37
47 48
40 59
39 63
61 87
10 47
23 20
70 49
17 72
10 83
54 12
95 89
17 84
32 98
46 62
52 97
35 63
29 85
26 17
89 85
69 85
90 51
49 50
92 16
61 77
77 90
32 85
62 53
90 51
66 75
29 64
33 10
82 19
45 25
59 32
23 94
98 29
81 49
24 50
62 99
15 73
32 40
19 46
68 17
64 67
42 82
56 48
80 83
42 65
85 11
40 76
23 76
86 97
37 18
28 55
18 75
30 30
61 11
77 59
16 69
84 46
20 76
66 33
31 35
74 51
95 35
76 83
50 27
40 84
75 59
71 13
92 96
17 24
99 18
34 38
16 73
68 93
52 90
33 61
77 33
87 72
35 10
67 61
36 70
32 68
55 73
11 78
97 39
81 59
47 26
89 46
24 28
81 78
12 54
81 80
17 72
24 70
36 51
41 53
94 37
84 44
76 89
61 92
55 16
54 44
15 41
82 49
14 61
85 30
58 92
23 77
80 93
80 15
77 75
66 10
58 99
79 80
77 52
58 47
61 88
77 63
26 63
57 64
70 93
92 68
45 25
50 43
10 57
69 51
62 56
46 75
83 22
22 77
55 50
99 91
98 31
51 87
24 19
49 95
27 22
13 49
39 51
69 36
77 42
55 30
67 36
65 72
94 34
94 62
26 12
42 56
42 72
91 83
22 99
44 40
71 11
67 21
97 93
84 28
75 10
55 76
94 10
94 74
91 80
41 33
58 85
65 83
84 36
59 60
57 80
67 23
58 31
15 46
17 36
26 75
65 57
47 14
60 67
62 69
15 73
85 95
98 28
43 84
91 10
22 39
29 68
97 89
50 62
91 80
76 23
39 10
86 42
53 33
51 25
76 81
63 34
24 93
87 47
76 72
78 61
39 27
30 21
72 29
74 40
58 55
58 87
50 20
70 27
41 61
58 96
37 15
31 32
38 90
12 42
29 61
24 78
12 14
62 70
56 17
23 24
26 78
55 44
64 36
70 24
46 66
16 48
42 52
80 57
32 48
66 60
76 77
88 48
46 80
55 78
83 56
58 66
86 71
60 75
82 43
91 71
44 91
83 12
58 66
64 90
21 10
93 99
59 46
31 39
40 24
85 36
44 61
41 78
87 34
47 94
33 31
41 15
12 49
92 14
22 16
94 99
87 87
15 69
71 98
78 55
27 94
41 37
71 19
15 70
48 47
45 64
36 83
33 30
71 69
30 80
76 28
26 14
35 15
92 36
45 83
25 61
74 70
40 10
80 92
57 48
90 98
42 34
17 12
38 99
79 14
43 12
35 71
63 83
23 24
21 53
39 11
83 80
33 10
19 23
73 12
58 73
12 96
17 72
13 33
16 13
44 90
30 73
51 77
86 89
15 16
34 19
18 77
30 38
75 92
53 57
10 61
98 99
79 33
99 52
25 27
90 79
65 36
32 11
45 87
67 33
30 55
30 40
51 55
57 61
71 36
45 30
23 49
58 70
25 82
90 61
13 15
68 78
43 25
20 57
10 32
96 90
80 13
43 63
21 53
14 52
88 73
77 83
50 54
67 83
49 87
88 14
63 18
84 69
83 38
35 33
38 88
16 86
97 95
98 95
24 67
72 58
19 27
99 28
94 95
62 70
69 50
94 65
19 71
69 18
55 33
12 21
73 49
25 78
27 22
66 51
49 18
25 57
46 55
96 67
28 61
48 89
56 88
34 50
16 71
49 39
69 10
36 39
37 23
43 41
88 74
75 43
86 47
14 98
49 51
29 26
58 67
81 55
21 69
26 66
21 36
29 61
33 14
10 27
36 35
26 92
73 61
50 20
31 57
72 41
33 66
31 82
45 51
47 35
33 10
95 35
42 97
46 39
16 89
80 80
80 78
92 66
17 11
93 87
64 34
40 59
15 94
22 20
68 17
31 81
86 65
87 76
81 68
66 59
43 73
35 35
73 31
62 19
22 54
49 28
61 20
81 64
19 48
18 61
72 92
50 27
42 40
15 85
26 49
57 69
15 48
33 12
24 95
76 78
96 98
49 82
47 31
27 31
63 37
42 67
64 50
99 13
88 61
67 73
56 55
97 47
71 34
87 83
87 10
69 90
73 51
88 98
81 98
33 92
22 24
67 93
77 32
62 58
64 38
40 50
66 87
49 68
14 71
52 30
35 81
81 63
93 96
64 32
92 80
18 74
72 61
10 13
81 62
30 46
51 51
72 78
37 55
69 47
40 86
83 13
31 36
84 66
44 92
90 76
48 40
37 30
96 99
65 84
79 46
14 23
85 26
66 17
87 71
43 93
46 44
54 50
88 91
30 16
63 28
28 93
44 25
28 72
72 66
20 22
56 38
31 67
26 11
75 80
36 52
52 54
95 74
78 94
89 42
25 99
82 70
38 24
28 96
42 96
72 26
82 71
94 56
61 29
36 86
38 45
40 88
89 90
14 47
81 82
93 22
16 20
51 57
82 47
70 92
58 74
52 64
72 39
95 74
34 72
33 85
34 54
97 32
31 80
46 89
31 34
71 93
41 74
22 61
67 10
27 56
17 68
92 73
40 25
90 28
97 76
99 79
75 36
39 42
11 57
67 67
93 55
89 59
79 47
26 13
85 29
55 75
49 47
55 56
87 98
65 35
68 15
39 18
69 31
76 63
72 88
99 31
76 59
51 29
84 71
92 53
27 59
14 67
13 92
40 28
49 18
10 89
14 71
33 54
91 68
98 10
91 21
51 75
73 23
21 94
26 56
42 36
75 98
70 92
34 53
56 41
16 56
24 48
91 29
43 49
66 13
56 30
87 15
71 53
97 38
15 94
72 27
94 10
15 20
22 18
51 94
96 81
20 17
43 85
36 77
61 84
90 52
19 62
71 70
67 26
17 98
71 74
70 45
58 50
44 54
73 15
21 20
97 11
16 72
92 51
66 43
72 80
89 26
94 84
32 42
30 66
11 86
27 68
62 31
54 90
54 67
11 74
43 45
54 21
24 69
72 51
21 30
94 27
92 51
64 93
22 42
37 43
25 12
87 93
13 79
11 86
67 18
14 29
65 55
71 50
40 62
55 52
12 51
68 94
42 26
96 17
25 80
63 49
46 18
83 71
41 54
37 13
46 98
51 35
18 75
41 37
78 46
10 67
30 97
16 80
52 87
85 25
19 34
29 87
38 95
25 10
19 97
52 94
90 31
91 55
75 45
51 56
44 87
68 88
40 58
28 36
83 78
76 98
98 97
40 96
94 29
43 56
63 59
77 99
31 93
43 28
75 33
80 64
96 63
58 63
41 97
38 69
27 22
91 14
64 58
42 78
38 76
42 88
49 65
95 51
82 13
93 59
49 54
17 54
34 56
96 31
94 81
85 20
10 51
12 24
92 17
83 29
30 45
53 90
32 41
61 37
74 53
80 76
42 48
73 88
70 40
85 61
25 81
50 73
42 21
35 98
54 60
94 51
37 34
55 10
82 31
13 49
80 35
73 64
50 31
15 99
24 54
37 93
89 25
83 89
81 64
95 68
85 68
22 41
79 48
75 76
70 67
62 97
28 28
66 31
17 82
79 35
34 55
37 24
63 41
40 83
30 96
99 65
12 57
68 83
52 49
22 85
60 43
16 84
73 82
91 78
48 25
63 20
68 54
20 68
44 46
20 41
36 64
89 10
90 66
75 67
12 64
88 65
20 43
61 27
53 72
51 81
14 79
70 87
41 98
89 51
21 18
72 20
88 95
20 34
37 11
97 91
16 18
96 14
65 24
25 86
65 42
52 24
80 43
91 77
82 30
55 34
70 59
90 90
47 19
35 25
94 32
50 27
85 46
69 92
52 42
71 39
58 41
16 48
71 35
51 14
14 49
79 48
53 77
43 82
35 75
66 58
84 53
33 72
41 79
52 27
89 83
18 18
58 15
43 18
86 61
44 55
33 54
40 16
74 56
54 73
71 82
52 45
81 62
72 20
42 88
97 57
36 46
92 14
60 54
87 98
47 84
81 75
71 71
28 93
97 48
72 85
22 22
54 55
83 75
79 46
20 17
89 72
47 89
79 21
17 98
79 38
49 33
59 13
26 27
78 17
84 18
77 32
59 33
47 20
98 97
18 20
20 38
84 47
58 42
29 74
14 61
51 59
92 45
80 59
18 62
97 67
31 70
20 15
14 44
14 83
21 54
45 73
22 30
29 32
18 58
78 47
27 15
76 80
30 86
25 58
23 35
48 94
17 41
92 52
51 11
13 69
84 99
16 92
59 51
99 49
52 74
11 58
56 42
40 32
51 16
99 62
90 49
52 63
84 85
63 87
56 61
81 15
50 51
71 47
69 33
15 38
62 99
15 88
35 51
27 82
18 67
75 39
78 63
96 87
90 75
34 57
14 57
84 16
58 10
48 77
23 27
82 70
26 55
88 57
93 58
54 56
45 59
28 78
25 76
60 66
84 69
36 84
17 80
39 62
80 71
15 42
95 66
66 45
59 39
78 40
27 43
19 47
70 58
35 55
32 33
81 74
91 56
65 20
22 14
35 41
73 43
79 65
23 58
75 99
64 52
10 11
78 50
10 35
37 18
57 30
48 32
36 95
62 15
86 99
22 10
40 26
69 48
90 98
64 45
84 75
27 98
17 73
42 42
50 39
67 90
46 28
93 76
22 61
38 99
52 39
92 47
16 25
74 13
27 40
70 24
90 84
91 80
49 72
80 87
18 64
13 85
19 83
45 26
92 60
70 34
20 26
89 68
40 20
62 44
39 48
44 88
77 95
95 49
54 54
59 99
53 68
98 49
11 29
22 88
75 47
52 18
78 96
86 54
14 99
52 97
45 12
54 92
60 85
21 79
14 83
11 77
57 89
40 98
73 72
33 18
43 66
58 81
79 42
99 17
55 53
16 38
76 49
70 11
23 94
56 99
35 47
27 15
34 66
10 62
11 62
27 58
21 15
42 26
78 78
81 16
35 73
15 85
59 24
20 93
33 39
65 70
54 71
60 17
51 58
12 46
35 16
18 82
72 62
75 24
69 64
49 82
73 37
48 17
99 99
30 18
78 14
99 74
51 56
73 91
66 37
11 84
96 13
45 31
47 59
61 66
31 91
46 58
40 79
36 35
77 87
22 97
60 69
62 49
69 18
80 50
14 46
59 80
80 69
34 94
49 46
86 97
45 38
19 71
16 56
11 69
37 86
67 87
56 37
68 19
55 12
28 89
19 48
11 89
67 44
42 47
33 80
34 75
32 37
66 15
35 73
71 57
55 86
48 91
46 30
65 67
75 29
11 77
14 55
29 12
15 68
99 73
72 90
82 94
14 55
93 43
38 20
32 73
59 94
68 44
41 21
30 46
87 17
93 20
39 50
80 54
40 48
92 65
10 47
14 64
12 49
91 50
78 85
20 21
38 77
20 38
69 91
23 86
51 89
95 68
10 21
98 57
44 18
49 30
59 47
29 41
71 97
96 77
95 85
49 84
52 73
98 56
15 15
38 29
69 10
52 43
60 14
35 85
94 59
54 19
44 51
52 94
98 94
90 32
55 86
51 11
39 63
80 66
40 81
43 63
89 68
65 85
29 29
82 77
49 61
61 97
40 17
43 77
66 86
55 35
36 17
76 54
79 49
11 66
88 93
17 76
51 16
91 40
94 13
33 77
77 32
83 75
36 42
47 32
94 72
67 67
89 77
58 98
75 94
27 68
78 28
11 51
26 93
83 21
39 92
17 51
69 18
63 38
65 64
24 26
99 10
26 77
39 27
79 68
83 54
47 94
97 70
80 83
53 53
39 96
90 81
60 50
18 28
50 56
55 39
14 37
69 98
67 64
94 23
95 84
82 99
92 67
92 25
52 58
58 13
81 16
57 35
17 96
78 70
43 12
68 96
28 11
81 14
19 90
20 95
26 51
53 81
74 95
27 72
84 53
55 84
84 11
32 64
40 64
95 26
67 77
80 47
74 94
92 10
28 86
99 42
95 76
85 37
47 64
42 78
30 20
50 62
87 85
68 10
55 70
51 11
76 69
50 76
39 60
33 99
12 49
76 18
92 69
64 96
62 71
65 42
18 81
81 99
13 90
30 84
22 45
78 22
94 32
50 87
41 80
26 63
37 83
21 42
66 84
78 43
86 71
19 29
32 15
61 82
12 12
80 14
22 55
88 10
74 88
30 65
51 21
34 99
31 28
39 82
34 92
66 39
86 72
16 90
45 21
89 26
74 59
89 39
52 34
97 66
27 34
27 61
48 35
78 56
14 69
80 89
30 19
77 18
29 50
52 12
64 42
10 92
11 84
17 30
64 55
89 35
56 25
32 31
61 93
52 87
27 64
45 98
32 99
27 85
17 36
89 39
53 88
95 19
68 55
99 71
25 38
72 32
20 78
28 76
76 82
64 29
11 66
76 33
93 52
31 62
81 47
42 92
13 19
92 18
62 29
78 25
79 31
16 46
90 33
80 10
89 79
59 35
96 84
16 27
55 93
64 24
40 43
60 27
31 96
51 16
78 64
31 27
51 35
81 46
26 26
54 82
83 31
39 99
59 17
18 33
63 36
77 53
27 90
92 50
20 69
96 31
91 84
77 73
16 88
94 65
28 32
40 77
32 42
19 33
96 18
17 24
58 45
31 97
88 97
83 48
43 37
66 50
18 95
97 24
64 49
60 93
93 20
73 32
66 40
34 87
29 74
90 49
68 65
43 30
44 96
41 54
27 25
83 79
79 29
74 12
65 46
60 23
10 13
25 37
96 62
73 92
73 24
73 94
86 48
88 98
84 11
37 16
67 46
52 94
10 11
10 25
27 70
12 59
32 17
79 90
90 15
96 23
45 86
36 73
14 19
85 80
76 84
20 21
73 37
58 51
38 74
43 63
91 74
23 70
94 78
27 59
12 36
83 86
86 60
48 92
58 79
79 40
12 70
85 60
63 37
28 46
65 64
38 15
17 62
68 20
60 55
94 74
61 15
62 30
29 95
59 39
62 22
18 66
32 56
77 13
17 80
48 54
81 84
85 35
24 56
63 25
71 84
71 94
41 58
58 21
40 99
41 11
77 63
50 81
21 88
34 85
13 63
41 42
76 61
25 36
96 36
28 90
38 93
58 58
10 15
76 84
89 30
50 11
32 19
52 38
79 38
13 64
87 23
70 96
22 18
49 73
93 96
53 49
19 82
21 19
77 77
57 75
51 71
45 69
86 55
44 22
81 52
28 41
33 77
16 93
62 25
77 78
33 46
49 87
58 10
82 29
13 37
69 49
10 21
18 18
78 72
57 17
24 92
41 53
97 42
61 39
80 38
10 67
57 48
32 17
17 43
93 28
19 16
13 59
54 86
28 11
62 94
41 25
36 85
57 51
87 63
47 88
87 75
22 34
46 90
93 53
84 94
43 10
60 13
86 46
68 38
64 87
91 43
32 95
13 91
94 13
92 76
74 77
55 94
90 21
73 36
87 40
80 94
19 65
81 42
68 76
77 26
94 11
29 61
14 41
56 15
52 27
42 31
77 60
13 44
88 30
61 36
48 90
83 92
70 18
84 30
55 19
37 96
74 96
38 31
39 17
33 80
54 41
67 17
36 60
41 86
77 98
75 89
33 96
11 90
43 32
13 44
29 17
81 94
81 49
85 61
78 81
27 53
30 88
57 89
45 94
67 98
92 11
42 97
91 65
67 90
12 42
97 90
46 27
93 92
80 36
43 11
74 28
27 50
93 13
95 25
36 35
10 22
95 56
12 50
96 15
47 72
56 88
84 17
34 74
43 82
46 80
41 34
39 44
68 67
32 86
60 34
45 99
40 91
11 86
17 62
97 68
51 38
39 68
80 33
68 41
23 23
83 72
84 11
66 38
18 49
22 72
19 88
50 12
99 49
39 68
99 90
19 18
46 72
94 89
43 21
89 79
44 67
90 47
81 53
88 52
64 63
30 58
39 73
61 68
35 53
52 98
61 90
11 76
48 17
27 62
98 38
87 68
20 84
23 42
13 21
84 98
44 71
82 26
42 92
54 95
36 47
96 12
97 47
15 17
47 47
69 14
54 18
70 77
23 98
49 91
50 13
67 20
43 71
83 63
91 21
11 42
56 50
43 63
96 69
97 26
62 94
32 87
38 22
81 15
43 29
76 60
58 63
27 79
69 25
88 35
46 49
80 92
36 95
60 34
93 69
91 29
87 42
25 68
96 12
70 63
70 65
86 34
53 73
42 25
50 97
17 32
62 57
29 81
68 54
95 50
68 22
22 36
20 25
53 64
27 60
84 95
31 69
41 74
32 76
92 42
27 58
75 63
71 30
40 95
29 62
70 29
95 59
17 69
91 54
33 53
69 85
32 35
43 91
82 51
62 75
95 29
15 67
14 26
11 34
36 50
47 47
81 51
94 18
78 95
21 92
52 40
34 37
73 74
93 28
29 41
25 46
74 95
59 37
34 89
34 80
73 94
15 84
60 13
89 66
23 74
19 98
86 51
26 22
13 17
98 15
65 48
91 67
63 42
35 90
65 95
59 32
38 57
90 34
86 38
18 72
75 39
26 70
61 49
61 31
52 12
42 81
63 50
63 39
11 45
58 38
88 42
49 92
95 13
48 97
78 27
17 50
94 83
31 54
73 43
95 20
11 57
55 27
17 40
75 97
39 55
34 72
38 28
53 62
27 18
68 23
12 37
44 96
80 84
83 46
80 38
10 24
11 80
19 97
58 43
53 52
71 27
79 47
22 53
18 57
83 44
16 10
17 37
86 66
22 52
23 55
45 22
20 41
71 47
21 37
50 91
64 91
85 70
82 34
45 44
24 19
38 23
26 92
10 62
86 95
94 71
34 25
79 36
46 21
53 30
52 32
94 59
65 94
90 60
32 67
95 13
79 63
53 16
47 44
91 37
61 56
43 41
71 94
84 74
38 65
88 26
91 13
81 72
73 71
73 97
91 96
84 87
80 57
39 55
60 92
62 71
66 28
58 43
34 99
23 35
65 97
25 11
48 99
21 11
88 17
42 58
40 93
85 55
78 69
73 98
36 58
57 83
30 93
91 97
24 87
69 53
35 61
56 67
30 21
26 45
91 18
89 85
73 49
50 96
81 11
89 40
52 60
10 78
39 94
20 73
53 90
61 50
22 15
21 95
83 11
84 37
55 95
58 58
66 67
23 32
11 91
22 97
66 49
60 55
17 15
51 39
57 87
17 59
84 86
84 83
81 37
57 73
55 83
66 13
77 92
15 86
74 90
15 38
91 49
93 63
75 23
16 18
48 60
37 66
76 12
42 68
28 54
63 22
81 17
27 20
38 15
79 60
70 17
68 65
72 74
77 62
29 75
69 18
72 86
15 23
78 77
31 37
18 25
93 24
96 57
17 70
73 64
65 19
42 86
22 83
81 22
42 45
99 14
13 20
25 59
78 42
12 75
30 95
51 47
56 34
65 85
46 41
45 48
87 90
57 68
56 12
46 28
86 91
44 67
80 15
11 76
97 34
35 43
35 51
28 60
14 58
53 11
46 67
29 28
22 85
15 42
86 22
18 22
71 27
96 87
55 76
30 12
46 42
42 38
76 10
62 59
41 69
64 75
15 23
40 32
98 33
37 86
90 43
27 95
69 97
13 31
98 41
51 54
13 30
40 77
58 35
72 34
82 91
88 22
10 38
25 61
77 57
79 38
11 11
81 94
58 12
27 56
66 69
36 51
79 11
14 37
74 12
39 25
81 98
80 16
74 77
21 81
13 37
62 26
93 99
64 13
65 74
65 14
12 25
65 96
52 91
30 21
61 50
27 23
59 12
81 90
44 72
18 10
58 14
96 59
52 92
94 58
56 81
19 92
25 32
15 20
66 33
91 68
57 86
30 10
25 93
96 98
71 64
23 47
79 24
18 78
17 46
89 64
81 50
51 26
31 70
46 26
14 45
90 78
18 92
10 50
36 45
40 36
75 75
51 15
95 81
41 26
72 91
81 88
25 12
87 50
94 97
49 35
23 24
38 43
49 81
10 90
66 24
78 22
80 68
59 86
63 94
56 34
89 20
77 61
13 17
41 15
53 64
82 60
88 77
93 42
11 30
59 68
74 50
31 61
18 34
63 52
71 56
27 20
56 36
10 90
44 94
11 28
66 17
13 76
22 38
39 35
99 44
26 56
70 65
83 24
76 45
59 40
65 15
48 75
98 48
96 18
65 48
89 82
56 42
42 65
85 57
75 39
95 34
90 20
75 36
88 74
71 99
61 21
25 22
69 51
96 28
40 45
56 68
98 40
38 89
14 41
69 78
60 60
15 69
83 13
47 37
11 40
26 96
94 17
24 86
86 49
62 58
69 57
14 89
96 23
14 28
31 66
91 31
58 24
96 90
30 43
19 16
57 29
39 99
12 77
60 38
64 83
36 94
94 65
42 33
49 58
16 36
21 37
81 14
34 14
76 55
15 51
29 75
80 22
46 96
83 43
60 53
37 32
74 74
10 49
93 71
10 50
31 98
91 98
78 31
68 88
99 91
31 49
60 12
18 55
43 20
13 73
61 16
22 54
54 43
95 70
46 88
41 17
18 74
98 49
46 84
74 28
96 31
99 95
22 68
62 70
76 23
45 56
99 15
61 72
39 89
39 74
70 16
47 32
86 69
80 20
89 96
47 41
80 48
64 58
84 99
67 95
31 25
18 15
40 93
91 47
97 33
49 22
14 32
49 16
20 58
62 56
13 10
25 66
75 26
59 84
22 36
80 95
89 27
38 22
88 54
54 77
84 72
47 54
15 80
15 85
76 21
18 65
43 28
28 56
66 47
56 83
22 48
79 32
96 29
54 11
39 31
56 97
32 85
55 36
60 41
13 10
48 82
32 71
70 93
42 65
64 93
14 65
62 53
98 17
93 25
55 67
15 22
54 10
90 14
12 12
31 65
15 33
48 97
49 28
55 91
62 11
23 58
64 48
11 72
82 66
13 26
38 51
31 93
28 58
35 56
13 76
34 39
83 92
28 55
69 79
58 95
92 12
49 79
42 79
78 30
26 98
68 20
21 11
79 35
21 29
23 88
43 15
39 47
84 78
93 52
55 92
73 90
71 38
57 87
33 55
70 63
30 21
95 60
91 77
77 93
62 34
63 87
83 22
78 13
92 96
48 77
17 70
63 12
40 75
89 43
12 95
12 38
98 13
54 12
79 32
59 35
29 43
62 68
77 86
85 19
77 20
76 45
79 54
57 88
78 62
20 70
27 20
12 10
43 46
75 27
96 10
72 27
87 98
68 52
33 51
49 47
90 71
61 95
94 37
24 63
29 74
22 20
77 85
83 47
46 74
97 53
53 38
97 15
49 55
22 83
95 66
29 14
34 23
25 99
86 24
98 89
86 88
68 34
41 53
37 98
89 90
94 96
37 38
19 24
79 35
82 51
23 39
71 79
23 72
28 86
51 23
57 96
51 69
52 72
24 28
67 98
42 20
36 61
35 55
88 20
77 95
17 34
24 31
40 92
94 57
15 91
12 30
60 56
24 11
42 62
40 43
13 86
83 98
28 83
48 35
65 67
47 37
62 79
76 52
24 90
51 19
48 46
77 21
86 72
44 34
88 90
59 71
29 26
48 39
40 45
17 59
91 19
13 25
41 31
23 96
15 99
45 98
46 46
39 67
43 89
96 59
82 51
26 40
32 61
93 68
87 40
67 65
75 94
43 61
22 81
48 40
13 12
83 12
90 34
41 84
19 65
10 82
96 72
71 46
68 21
79 77
57 58
40 68
16 35
39 23
33 44
71 17
31 43
98 96
19 93
26 17
32 24
65 51
53 57
23 60
40 93
51 28
55 84
18 66
12 93
42 70
32 22
89 91
30 69
10 83
31 50
20 82
86 65
68 58
66 67
87 73
77 36
37 46
24 68
97 38
59 57
32 16
89 10
25 92
44 77
98 21
97 19
86 63
18 18
17 23
97 11
83 29
60 86
59 51
29 76
33 21
43 59
84 12
38 79
11 46
97 37
16 85
96 82
40 81
50 38
68 70
78 44
92 72
47 43
83 54
50 86
52 29
60 81
70 96
47 16
49 84
75 16
83 71
35 40
40 64
37 74
16 46
60 92
91 20
54 47
43 56
45 76
96 69
51 49
47 10
98 85
23 58
59 56
86 30
42 49
51 33
99 75
21 62
69 63
90 21
40 12
62 46
66 27
18 17
12 78
78 14
92 71
86 15
26 52
29 50
21 58
87 57
14 65
62 53
31 15
37 35
83 17
21 99
74 63
66 16
10 30
54 14
37 36
14 87
57 81
54 19
44 14
32 13
27 35
30 33
70 75
88 45
49 29
59 41
71 86
23 10
57 85
32 43
49 61
23 69
11 93
34 19
26 59
13 50
17 41
84 32
43 81
83 24
21 83
34 52
21 75
22 60
91 73
13 43
18 83
24 91
68 61
65 26
82 70
26 94
52 19
91 37
37 42
73 15
51 76
86 98
25 96
62 16
24 53
89 73
71 88
21 69
48 21
29 65
22 69
55 73
84 28
43 79
61 56
46 69
57 25
33 18
76 86
30 41
58 99
92 73
82 25
92 17
89 55
43 35
66 76
15 21
68 25
25 93
50 35
64 20
76 83
88 46
47 99
26 33
52 92
94 26
72 21
61 32
84 33
24 99
35 34
54 24
53 57
36 94
95 47
21 83
36 73
91 94
81 17
49 39
91 44
93 88
94 43
29 91
58 62
31 60
41 12
97 87
32 79
41 65
62 25
19 53
85 76
41 60
49 52
91 75
82 58
47 89
57 84
11 26
48 69
41 77
24 48
28 85
43 47
63 75
86 44
14 63
11 93
62 11
20 96
16 76
11 86
65 28
98 55
92 45
86 53
49 68
96 54
60 74
41 86
47 73
71 36
85 28
60 15
20 59
77 91
83 43
74 90
89 41
78 39
36 21
99 61
45 38
54 45
80 12
97 73
17 91
57 22
81 88
29 25
51 80
37 39
69 58
64 95
89 73
69 15
43 15
68 28
97 41
60 49
94 96
90 99
45 77
77 39
58 79
66 61
86 30
42 21
51 85
43 83
43 68
25 35
34 39
23 10
24 21
50 28
89 24
55 20
94 36
14 57
92 75
18 28
87 27
78 68
35 90
25 43
31 87
16 59
67 28
18 96
71 69
20 66
57 81
32 71
98 78
25 27
20 41
64 83
94 30
88 41
11 96
76 44
23 74
33 16
93 27
45 73
24 85
23 14
90 99
39 60
99 12
86 54
65 64
99 87
55 59
97 72
92 69
87 75
11 57
92 27
50 16
64 82
33 64
77 16
11 80
52 84
86 35
85 85
67 11
53 81
29 25
19 51
61 94
42 52
86 77
33 87
62 33
75 40
93 72
59 72
14 39
20 68
78 51
82 24
40 38
95 28
71 77
48 51
25 50
66 78
31 92
44 56
44 22
43 33
12 23
82 87
76 35
40 91
56 51
87 53
67 37
64 48
76 46
21 95
78 43
58 42
97 93
44 73
27 24
99 17
63 45
99 50
35 49
97 93
55 50
66 65
30 74
16 48
98 24
92 71
27 34
67 56
44 19
94 35
11 66
57 66
49 91
11 88
97 27
13 12
59 57
25 23
19 28
83 96
50 17
17 99
92 13
39 27
26 42
22 37
59 74
34 21
59 63
34 12
25 88
84 33
59 49
55 46
71 86
69 23
14 80
58 49
48 83
50 31
15 33
46 60
68 80
86 16
87 83
94 55
61 87
87 67
50 20
69 54
38 12
26 20
61 87
57 93
15 27
48 84
94 61
23 91
53 10
75 61
52 64
45 21
37 65
78 65
17 57
43 94
19 17
83 18
87 35
92 88
15 66
68 69
27 62
27 49
10 52
58 11
46 92
89 30
91 42
97 97
12 12
13 67
63 97
57 17
41 35
55 94
72 31
48 10
25 36
30 82
37 93
77 99
91 43
43 49
88 82
67 62
79 56
93 87
63 93
32 50
34 93
55 90
69 28
68 46
28 42
13 64
52 40
22 72
23 99
97 63
80 84
51 76
48 10
26 60
63 38
18 19
76 96
10 17
99 39
38 60
31 62
14 72
41 44
91 46
54 27
47 78
87 88
69 45
41 69
25 33
62 35
61 30
38 36
48 74
83 44
31 43
14 51
11 50
81 18
58 87
85 49
92 36
31 26
15 62
11 44
71 88
62 51
78 25
80 96
90 31
40 53
65 40
82 29
49 83
88 73
44 31
54 79
56 98
89 44
69 56
16 97
15 97
33 85
11 26
42 42
44 91
85 94
57 63
25 73
61 58
66 83
26 97
10 21
54 79
41 25
43 12
35 98
80 56
15 99
63 92
79 59
22 58
96 50
88 73
30 60
48 35
18 49
81 67
33 27
10 94
20 20
34 85
24 96
32 31
94 29
69 80
51 42
87 37
90 22
80 28
29 79
77 70
37 52
19 82
98 21
81 95
71 16
64 97
13 19
44 14
72 98
82 97
99 89
53 48
40 22
78 78
39 91
13 58
79 50
55 13
76 83
92 73
66 60
51 11
37 91
67 36
63 14
27 68
48 95
62 14
79 66
37 84
45 45
91 78
17 91
77 92
50 82
70 12
65 83
19 56
64 32
41 28
56 15
64 75
96 34
47 37
41 71
25 53
99 61
15 45
98 42
19 96
72 44
34 32
81 56
19 44
94 33
42 34
53 18
78 19
68 18
75 72
98 81
51 53
24 58
66 88
70 38
51 67
42 12
82 58
67 19
96 74
36 70
94 11
55 84
85 53
32 64
48 44
96 50
29 63
91 87
91 29
43 95
40 63
80 79
42 43
64 65
60 26
74 38
70 14
59 15
46 57
58 56
91 80
78 39
13 29
60 10
52 11
41 14
20 18
39 12
42 39
18 20
88 48
29 77
35 65
75 74
31 45
12 35
69 45
83 43
48 68
97 96
34 57
81 23
91 93
28 51
29 88
81 76
38 14
30 78
81 49
90 41
86 36
41 16
63 50
84 35
10 75
63 40
27 63
37 94
54 75
15 23
10 72
32 15
97 87
57 34
65 65
37 48
45 74
27 39
90 45
87 33
21 88
59 85
74 26
91 11
47 35
65 77
76 62
37 78
22 83
93 26
47 24
92 53
45 56
87 92
36 40
62 42
29 83
31 44
56 84
82 96
78 92
86 68
30 62
55 43
86 25
28 40
24 99
59 17
19 28
35 73
52 51
90 71
37 15
68 90
71 41
18 25
65 49
86 97
31 97
62 28
76 67
76 69
36 69
79 47
93 73
25 11
37 24
70 41
37 28
96 13
78 11
45 85
65 25
44 95
49 23
68 19
36 78
42 49
64 48
45 33
50 60
26 75
88 92
56 92
39 45
98 11
25 76
57 90
81 12
75 65
58 40
54 56
76 38
89 63
86 57
21 47
10 70
11 10
16 66
95 72
95 44
60 84
94 21
43 34
69 71
87 59
73 82
55 79
80 90
39 62
67 96
14 25
86 56
89 43
54 90
68 25
67 19
26 14
84 91
41 32
80 55
86 37
96 28
47 78
41 22
61 82
37 80
79 54
29 98
89 77
46 36
93 57
10 36
87 54
14 95
77 29
16 32
33 43
70 78
40 25
88 70
79 13
98 11
70 13
77 30
95 12
24 49
45 74
85 50
26 66
10 38
36 17
53 66
27 13
71 81
49 36
37 92
12 47
33 18
88 28
63 98
38 18
90 40
22 87
73 26
82 50
85 46
48 61
46 21
25 87
36 31
37 78
38 34
21 53
23 47
81 53
64 29
57 95
89 27
55 86
48 72
39 93
52 68
17 51
98 83
89 36
43 98
87 89
40 81
54 40
96 46
40 79
87 47
86 45
82 57
17 75
90 14
16 42
55 90
88 33
70 73
74 20
21 52
58 35
49 43
21 27
68 13
42 10
98 57
30 75
74 70
15 84
94 72
52 99
62 25
24 67
17 21
90 31
72 19
59 15
14 55
12 86
87 91
47 85
53 87
81 80
51 98
88 90
29 15
52 85
23 83
57 79
94 13
90 94
87 65
70 33
32 48
63 49
94 83
58 75
56 17
21 97
15 37
12 84
61 16
19 52
49 23
25 50
21 58
96 72
57 22
51 30
87 49
74 42
85 40
52 11
41 36
49 37
79 74
65 83
20 63
20 44
49 66
19 44
62 49
27 83
76 46
72 27
40 77
33 75
71 38
79 24
98 20
18 40
68 37
32 68
47 68
84 26
99 38
96 52
12 70
59 46
99 43
43 47
38 70
61 74
45 93
39 48
22 62
95 48
67 30
26 28
81 61
76 74
55 70
46 67
51 48
94 14
14 12
51 57
75 28
18 49
66 17
11 25
65 34
93 95
80 50
81 56
26 54
19 54
29 51
31 15
20 78
25 18
58 35
63 86
54 83
65 61
62 22
43 26
36 25
38 67
86 33
89 73
54 37
67 80
77 57
92 10
84 22
21 47
89 34
69 75
66 70
79 21
11 77
99 80
28 95
90 77
41 36
67 38
15 67
38 43
50 71
50 43
38 57
92 57
67 10
82 73
10 59
58 24
83 10
62 60
24 87
32 64
51 80
52 86
13 24
97 83
84 63
10 54
15 92
65 14
19 39
82 16
16 80
87 89
97 60
60 67
31 29
46 59
27 12
51 63
78 89
67 45
43 58
47 62
95 71
24 91
73 45
44 75
13 38
62 19
93 48
62 48
66 62
62 90
80 44
19 37
76 85
27 53
24 74
30 67
86 46
19 19
27 13
27 81
16 66
62 31
80 25
76 18
43 39
26 38
71 22
17 90
15 38
62 42
42 78
98 60
19 84
68 95
61 73
17 80
19 12
13 53
86 51
40 58
96 13
51 14
81 79
34 33
72 30
82 13
57 77
75 80
78 57
86 46
63 42
74 64
38 41
56 54
22 72
19 88
90 43
78 43
17 27
88 74
58 89
53 63
77 40
81 97
39 39
36 71
22 67
89 36
63 99
60 54
52 75
42 51
57 11
88 50
13 24
80 71
82 31
60 88
46 82
18 91
93 45
59 96
23 71
87 86
99 67
24 25
84 46
96 72
85 28
88 57
86 36
29 77
53 42
58 66
14 36
72 75
10 35
82 41
50 61
81 69
85 12
83 62
30 84
80 41
90 45
98 72
17 39
64 92
71 11
76 83
90 13
63 85
52 27
95 57
48 82
98 52
86 37
58 16
98 39
54 85
13 59
48 48
91 63
16 97
37 36
84 28
50 29
10 69
70 74
37 54
96 78
62 46
67 98
79 59
70 42
75 31
42 52
65 69
82 68
20 77
84 73
76 51
80 34
47 76
86 85
18 35
93 14
68 96
49 68
17 93
13 51
58 44
99 46
50 67
89 83
13 77
75 37
74 40
73 30
77 22
88 55
53 75
68 99
42 38
23 26
92 40
58 94
91 48
60 33
29 46
38 89
43 59
53 76
20 37
38 29
39 46
64 23
23 27
40 86
95 57
12 79
52 21
74 80
89 31
78 66
78 30
53 19
48 81
40 67
80 93
83 58
63 75
23 53
91 78
94 74
84 50
73 89
53 53
93 97
62 21
53 61
79 95
83 29
60 93
19 68
60 74
96 79
79 35
50 29
15 76
74 62
50 77
66 99
12 94
97 77
92 72
78 58
59 27
73 11
31 17
18 31
55 43
41 27
65 45
91 63
76 71
60 30
37 31
68 32
84 79
56 11
52 63
30 32
66 63
91 30
64 17
26 73
12 65
71 55
71 83
81 31
10 31
87 83
74 30
23 48
13 51
38 21
68 64
86 33
68 70
33 20
51 75
14 60
39 16
21 93
20 94
54 35
21 53
38 28
78 89
72 17
70 16
44 53
21 52
70 99
51 70
55 40
97 61
42 20
79 69
83 76
19 21
57 20
82 24
59 96
71 42
97 13
21 50
14 15
32 81
14 29
38 16
59 29
17 99
41 17
64 20
51 54
69 78
46 42
11 62
20 70
77 74
93 11
13 86
62 54
83 36
22 38
79 58
80 16
62 64
77 46
22 61
67 86
59 32
84 79
67 88
93 32
46 83
37 74
25 42
89 44
66 48
94 51
15 55
59 42
54 59
47 10
24 50
10 17
65 83
51 15
60 65
12 93
40 95
99 85
83 65
46 49
29 16
31 23
15 19
82 24
91 90
88 44
50 82
59 35
91 28
35 59
39 74
25 74
28 19
66 21
70 67
27 52
17 98
42 91
92 17
60 75
25 67
80 48
62 61
33 28
57 54
52 95
46 20
29 67
70 75
41 56
39 60
53 66
73 38
85 89
74 70
90 40
95 81
16 96
14 14
36 50
92 53
24 96
30 28
61 48
20 10
16 34
63 81
53 39
42 80
42 12
57 83
72 68
39 18
88 38
79 53
41 35
26 98
54 52
10 70
32 88
40 38
11 24
16 98
34 46
62 24
65 15
95 94
60 24
81 64
12 82
71 84
16 53
10 80
82 76
24 65
68 99
67 85
96 10
97 79
70 38
75 20
68 91
60 77
26 57
83 77
65 42
24 69
19 74
95 38
81 93
94 38
47 36
73 43
83 75
17 28
66 40
41 22
83 30
98 27
40 86
90 55
84 37
83 10
41 51
89 67
41 67
34 29
49 41
62 52
84 67
57 44
60 68
72 52
42 33
61 27
42 38
81 50
11 35
19 91
16 15
80 51
22 97
42 86
95 35
64 47
66 21
82 96
77 79
78 13
45 93
13 85
23 58
58 11
98 22
44 51
32 10
24 54
70 70
69 95
90 72
62 58
74 94
53 83
35 52
45 10
72 19
26 48
36 51
26 92
76 76
50 21
26 86
22 19
30 97
23 73
48 65
87 45
42 71
41 64
34 51
96 43
86 17
31 57
99 94
53 99
95 28
22 15
80 64
76 62
96 76
60 49
51 49
41 35
41 31
67 31
53 60
96 76
28 55
97 87
67 15
48 46
62 19
58 22
78 70
10 48
62 22
23 56
11 17
24 57
57 56
72 28
66 21
79 44
41 17
92 56
29 90
86 80
34 19
24 26
17 79
85 15
12 56
37 81
26 12
82 53
35 83
11 91
64 73
52 43
34 11
24 22
51 16
52 70
85 28
86 88
64 96
22 26
83 64
39 88
82 13
71 27
34 67
26 35
87 49
25 22
10 30
67 79
79 33
94 48
30 11
98 71
19 89
71 24
53 30
80 97
97 68
54 48
44 17
95 17
13 69
67 86
42 54
80 41
55 22
68 96
10 28
64 72
23 58
48 78
59 29
51 55
63 40
67 71
91 59
86 51
87 92
46 28
65 60
86 10
86 37
47 13
31 72
86 18
69 26
83 96
84 93
71 82
43 52
82 69
83 68
73 90
46 44
73 25
87 19
26 96
45 65
16 40
66 77
72 30
30 40
30 93
68 78
37 13
43 38
24 95
53 81
85 25
99 87
11 40
36 58
40 65
51 35
70 33
35 68
76 14
63 71
96 40
57 29
23 63
87 40
18 21
23 78
47 21
93 81
17 16
86 77
65 55
70 58
99 12
40 74
28 59
27 65
37 57
79 98
18 60
98 27
18 67
15 40
42 30
95 67
12 88
57 45
10 85
58 50
63 50
20 79
25 87
29 63
88 16
10 87
15 86
71 24
71 61
77 77
49 12
45 96
91 21
27 77
64 77
46 53
84 10
58 96
32 38
76 48
58 36
24 97
36 72
23 14
91 14
59 26
78 53
39 59
75 80
46 73
47 67
31 85
16 91
42 37
35 83
46 48
99 90
96 89
91 35
66 39
22 90
44 52
88 94
70 38
82 75
40 86
91 82
86 38
18 75
49 97
33 49
46 25
85 35
65 64
40 15
56 37
81 61
74 46
65 41
22 45
14 47
81 19
13 62
34 52
22 45
50 82
95 88
73 53
40 56
96 29
82 81
88 74
37 41
65 92
36 75
93 23
92 96
10 85
35 17
40 96
28 47
77 25
59 58
93 13
29 93
29 62
20 90
33 41
92 35
19 93
16 59
55 87
41 76
77 23
30 39
71 28
59 98
37 59
37 91
48 70
88 18
85 30
36 60
17 64
49 61
42 23
43 51
74 64
50 87
38 50
29 66
86 59
50 34
81 83
83 43
74 43
46 50
91 23
90 48
28 62
16 40
80 72
78 29
87 27
15 95
92 12
46 19
44 18
81 66
60 32
78 59
26 86
15 74
46 73
54 87
80 31
53 72
48 30
60 65
45 73
22 65
67 60
79 51
94 92
11 28
89 19
31 23
76 12
93 62
12 49
11 26
95 63
30 92
10 28
63 81
91 27
37 72
48 12
70 88
50 21
21 32
28 19
51 58
96 14
94 72
95 55
41 60
37 33
12 59
30 90
43 11
57 69
14 35
52 99
28 80
39 31
15 97
66 57
57 72
17 60
96 27
84 94
88 60
70 52
22 33
97 89
24 83
15 29
45 50
13 78
89 91
50 90
58 33
96 45
17 21
78 65
33 40
68 52
85 24
97 80
74 46
87 22
54 28
81 77
11 39
16 29
80 93
76 94
20 58
47 16
68 13
17 51
68 84
44 46
86 94
18 52
69 69
27 37
62 40
11 34
78 79
14 34
16 37
18 89
29 87
33 43
95 26
25 31
39 19
64 15
70 43
12 41
84 93
80 54
23 32
24 31
35 45
87 55
67 89
70 54
37 69
54 95
54 27
18 26
45 62
40 58
50 70
45 11
63 78
73 72
75 88
75 53
75 32
45 76
26 59
33 73
33 78
25 51
73 44
55 15
65 77
56 35
11 71
99 33
64 57
64 59
65 88
34 19
77 80
38 58
83 57
57 47
77 43
39 54
58 30
61 19
56 67
19 33
13 27
83 41
64 80
85 71
14 92
71 81
56 68
43 17
28 83
82 83
58 86
73 62
62 10
96 94
96 53
94 28
81 62
79 61
85 59
13 38
39 44
12 80
93 76
69 91
23 68
74 39
70 40
26 76
40 69
94 37
18 65
83 32
15 23
80 92
57 83
21 33
48 38
59 68
59 14
91 32
88 78
45 78
30 21
27 74
82 93
45 67
98 75
32 67
80 22
60 75
87 22
69 95
62 29
55 58
89 83
58 20
96 10
69 12
55 84
60 17
59 21
31 55
98 73
33 36
25 15
14 41
90 81
61 66
79 12
38 83
28 30
84 26
61 26
43 35
37 43
87 35
76 26
14 76
71 58
42 25
28 84
94 67
88 10
66 22
31 39
33 34
19 33
69 92
22 19
25 50
45 83
75 69
59 33
97 86
42 50
25 48
31 58
44 56
96 19
37 56
31 86
29 21
65 56
66 11
87 46
29 21
60 65
71 80
13 41
19 32
27 33
15 17
53 49
55 30
13 33
71 20
20 35
95 75
81 10
65 90
84 69
16 96
12 29
63 68
91 66
63 77
84 39
86 26
20 66
57 61
20 63
79 96
63 73
68 89
66 86
87 93
87 98
53 66
19 19
94 48
58 57
87 72
34 57
49 25
23 22
83 97
26 34
35 20
94 79
16 73
89 41
20 36
32 92
59 22
66 85
30 21
99 18
49 84
29 61
73 78
78 74
52 31
97 56
84 68
29 51
14 47
44 62
32 76
11 63
47 33
69 29
78 47
90 39
20 32
97 44
53 71
36 37
74 29
43 53
87 70
46 10
19 14
74 32
63 69
54 55
49 88
79 97
94 61
47 69
29 15
51 80
66 94
78 89
39 81
66 52
64 38
42 95
78 12
30 48
83 14
57 18
19 27
83 62
39 74
61 32
93 34
41 20
79 14
44 54
34 63
74 91
69 31
74 70
16 30
53 92
41 47
59 33
27 76
31 84
49 35
19 90
90 36
97 51
40 38
90 77
11 55
77 59
71 63
88 75
80 79
66 51
39 48
27 19
69 92
83 67
82 42
31 29
80 92
90 66
27 66
61 33
60 57
67 27
46 19
85 72
93 55
93 58
14 33
91 96
95 16
68 29
24 88
49 52
79 68
64 23
32 61
46 57
57 92
54 13
74 30
61 13
49 81
69 33
84 80
53 58
37 46
36 76
25 85
97 46
80 91
21 77
99 88
91 94
68 26
33 30
17 40
91 67
15 91
91 98
97 32
82 21
95 70
69 57
60 29
45 59
47 39
90 91
70 33
55 60
69 44
44 98
89 60
10 85
36 69
25 29
93 76
62 21
66 22
59 84
68 95
18 58
69 22
62 86
98 63
89 32
27 40
35 35
14 29
85 21
80 70
99 97
45 54
58 28
81 74
63 60
11 44
45 77
65 31
40 95
79 78
25 73
81 86
34 35
85 64
12 56
54 22
66 31
74 64
94 11
61 23
57 36
15 60
83 39
92 96
50 35
97 56
17 50
27 76
40 58
42 42
71 10
18 69
61 70
33 36
19 85
24 60
40 30
16 91
50 63
67 46
34 27
18 58
47 71
24 27
74 20
28 63
51 74
20 72
42 10
66 61
26 77
24 55
34 29
67 97
11 83
29 98
46 77
46 22
83 62
73 10
18 28
28 32
52 51
85 48
64 88
12 29
92 34
90 71
62 20
95 95
55 18
23 34
25 92
85 19
22 60
15 51
91 55
36 69
52 58
84 60
22 19
54 76
80 79
38 93
69 24
39 53
69 97
24 32
72 22
29 97
71 57
16 24
22 38
66 90
26 92
61 16
81 51
73 63
83 40
13 86
54 94
50 10
35 67
28 66
58 36
50 95
13 90
90 98
71 41
16 53
21 43
92 59
65 78
76 46
64 26
60 58
14 66
59 50
61 77
10 85
44 69
97 36
12 15
79 58
97 27
27 33
50 34
40 41
18 21
31 16
11 98
29 90
75 73
70 56
63 34
87 33
24 79
65 62
44 99
90 71
94 77
25 52
75 13
93 50
45 57
18 46
46 56
99 81
77 55
16 57
57 40
16 45
86 22
39 72
41 45
31 89
32 23
31 14
31 99
45 96
60 79
17 55
10 72
46 26
91 24
53 18
74 53
28 59
97 53
82 14
41 91
24 72
86 43
58 61
86 43
24 41
11 68
95 74
50 84
27 75
48 95
28 91
32 90
14 19
46 89
27 58
43 56
16 19
46 42
55 93
96 41
41 30
25 73
25 85
98 65
75 44
10 98
95 69
18 41
25 86
43 89
97 65
17 27
76 87
10 19
32 10
37 97
41 71
81 87
99 26
86 16
68 12
69 52
41 93
64 20
44 71
67 98
76 40
15 73
89 59
77 58
91 89
81 83
18 42
17 84
53 75
70 25
12 57
26 84
48 83
53 81
30 62
25 64
69 17
58 28
66 24
76 98
65 56
64 63
20 72
10 22
23 97
47 67
20 44
34 32
22 55
44 96
23 18
22 93
22 48
49 20
94 30
97 16
44 75
84 92
77 96
82 64
84 19
46 50
57 33
94 21
81 79
23 15
14 68
79 65
17 12
92 48
28 92
97 78
41 57
39 53
63 15
52 68
51 19
11 91
13 26
70 30
86 92
93 47
90 14
28 57
91 13
68 20
45 30
70 97
92 14
93 11
55 34
37 40
35 68
16 44
91 19
50 50
49 54
57 50
41 48
48 44
89 94
37 14
92 53
78 38
18 44
30 94
43 60
81 71
38 33
29 29
53 16
36 85
23 94
80 92
35 38
29 37
61 94
98 63
95 64
59 54
34 98
12 24
45 61
98 27
42 74
73 65
64 61
61 43
43 47
36 63
97 17
98 76
29 54
28 35
17 20
39 57
24 65
16 57
46 72
65 98
49 96
67 64
98 26
14 90
40 68
94 62
66 25
61 19
98 11
46 69
39 67
12 79
19 71
24 91
64 22
72 58
60 68
19 78
31 68
39 95
27 35
51 93
93 41
32 94
71 40
57 86
94 61
89 55
68 97
28 65
98 92
44 81
78 80
87 49
28 33
37 63
78 91
53 64
91 65
91 28
26 40
20 89
44 84
23 21
55 84
91 83
86 32
69 52
98 64
50 48
18 24
74 19
15 63
37 44
48 17
26 81
84 78
42 97
16 49
91 22
19 54
87 34
37 10
92 91
71 28
79 80
26 50
78 54
52 24
45 80
49 99
62 87
71 13
59 14
81 18
31 48
77 55
45 66
74 14
48 16
42 57
69 30
50 37
51 63
64 18
29 35
31 61
99 14
95 59
11 18
79 13
44 31
33 14
17 76
15 68
25 78
16 98
88 48
33 34
42 53
20 72
37 63
89 93
69 57
71 67
75 22
69 39
11 82
81 55
32 44
21 87
97 96
62 86
57 61
90 11
95 87
11 58
23 86
43 12
69 23
86 94
39 32
54 68
75 21
12 14
87 43
97 93
44 64
12 58
80 67
52 96
79 50
29 50
59 53
26 98
72 57
47 39
48 64
53 16
27 75
50 16
38 36
25 76
29 20
14 11
14 73
91 48
79 37
18 65
42 98
40 74
99 85
44 14
51 23
57 40
48 72
52 17
46 77
19 46
63 48
32 74
97 40
34 48
92 65
11 72
24 50
85 96
62 25
26 82
28 74
47 45
19 28
57 35
10 59
74 81
59 24
47 92
15 55
46 81
50 21
27 47
53 52
63 44
98 16
50 21
78 17
51 78
79 37
88 99
46 56
29 66
37 71
93 16
98 27
63 94
62 99
96 76
21 37
94 20
59 45
76 57
94 35
11 23
20 19
96 54
86 91
69 15
81 50
94 19
31 48
62 84
64 10
91 56
78 62
29 79
63 42
94 22
92 35
69 98
12 32
20 92
94 59
43 83
30 23
20 28
99 70
18 69
38 95
71 85
73 80
73 77
76 92
21 35
47 99
22 53
77 12
23 97
43 64
68 80
99 97
16 60
18 96
89 94
23 12
38 90
54 14
28 78
14 78
56 39
20 30
99 86
57 33
71 63
87 22
26 33
78 53
51 28
12 74
56 39
98 60
64 84
20 78
59 90
89 95
54 95
10 44
88 18
99 30
15 23
74 62
74 35
10 79
44 83
40 74
53 68
46 18
48 81
52 46
48 11
12 73
49 19
95 62
94 41
17 60
28 41
96 76
41 87
50 60
46 45
54 23
73 12
67 98
12 56
15 96
30 67
94 11
96 18
90 73
17 56
22 12
32 20
94 44
46 23
64 40
42 28
99 32
49 53
99 93
83 98
71 73
25 19
10 65
11 98
65 82
16 64
27 79
55 40
31 43
22 67
77 13
92 55
93 43
57 28
28 65
76 58
46 95
60 92
30 41
15 58
65 84
29 24
41 48
58 96
18 49
68 28
88 37
72 18
59 11
57 98
39 89
68 36
36 43
94 55
52 40
57 42
54 90
21 32
68 22
96 79
56 45
92 74
50 37
14 84
73 20
21 59
16 36
17 71
83 39
24 58
26 46
71 63
80 20
48 81
66 48
64 60
55 62
73 80
82 60
35 86
88 21
51 47
91 77
35 61
58 74
57 48
80 93
72 12
95 94
59 40
43 33
70 91
27 76
94 29
22 64
69 10
12 68
30 42
27 49
14 52
64 70
44 49
17 82
69 61
59 65
31 45
81 53
70 83
56 20
54 19
95 72
42 23
39 35
28 49
96 60
36 98
87 40
66 19
47 46
18 85
69 83
27 90
43 29
45 91
86 96
71 13
83 52
58 68
72 89
57 19
35 48
25 13
54 63
35 65
88 64
32 78
59 80
48 72
12 72
38 41
37 37
33 48
69 60
50 26
76 83
59 60
21 22
13 82
62 26
68 53
42 43
78 36
62 69
29 66
22 55
16 78
63 92
26 38
19 10
90 30
40 87
87 53
11 97
32 52
30 50
65 28
16 54
40 43
16 20
46 66
68 23
26 75
45 40
57 87
81 80
42 26
17 12
41 84
17 81
23 85
26 29
42 52
43 99
25 49
62 96
26 20
60 86
52 18
62 42
16 75
94 75
22 70
77 54
78 68
57 95
52 82
16 27
35 27
85 65
91 86
79 55
32 47
48 78
59 60
17 88
68 88
87 14
57 76
32 73
71 48
17 23
58 83
28 34
95 27
11 65
40 95
13 54
17 29
16 45
86 87
99 19
15 92
78 59
59 83
13 56
20 30
82 67
36 75
13 54
89 19
98 61
33 51
33 82
65 18
61 22
86 88
28 32
66 58
61 27
26 58
23 67
54 54
97 84
17 80
64 91
87 68
80 74
21 88
96 72
39 60
93 39
78 25
83 52
52 41
24 87
76 74
71 39
49 34
78 86
95 80
48 37
31 24
74 81
74 56
26 38
13 24
77 62
42 75
29 59
27 99
53 12
42 49
96 94
41 58
38 18
19 98
42 58
10 75
61 38
51 80
77 74
27 12
21 52
55 75
56 53
82 71
37 45
12 93
25 83
35 51
75 66
81 15
46 48
52 12
14 84
78 30
33 96
35 47
59 43
68 63
32 15
76 13
94 37
59 56
94 79
66 79
57 35
73 94
45 77
13 79
26 58
52 43
90 41
27 93
70 77
84 24
17 80
10 21
80 44
58 70
26 11
75 15
98 63
62 79
91 38
46 55
70 72
11 65
73 81
57 89
59 19
45 95
77 55
44 99
52 22
22 36
55 21
59 83
31 94
30 54
71 86
42 64
54 86
39 50
43 81
35 57
95 11
17 40
64 79
11 93
30 29
74 19
36 53
54 19
12 75
27 70
21 18
16 62
41 82
41 76
82 85
58 24
10 83
97 35
52 15
45 53
62 63
85 55
68 44
25 57
97 86
57 13
54 13
98 30
20 15
51 21
22 36
63 84
21 46
60 73
23 24
58 65
78 94
80 45
69 51
30 99
78 32
70 57
57 97
91 96
79 92
85 57
93 71
85 15
40 81
23 96
83 30
46 52
51 76
27 73
18 25
63 25
64 28
41 67
78 77
44 57
69 92
65 94
50 45
24 44
43 93
38 46
16 65
88 94
37 94
57 62
89 92
26 69
55 39
29 96
34 98
60 47
52 78
15 12
93 39
91 59
60 58
13 54
85 79
14 69
96 70
12 51
91 55
74 38
77 63
75 91
65 21
23 40
49 80
54 59
96 84
49 14
87 73
14 69
41 90
12 39
53 15
91 49
73 72
14 96
41 73
14 80
44 58
56 18
59 46
10 14
78 47
68 91
33 63
45 72
46 54
72 78
25 14
21 27
95 48
79 24
89 56
70 16
53 49
31 25
70 31
39 59
68 16
74 87
45 59
17 81
65 68
14 39
59 10
66 42
57 43
24 89
85 81
37 12
72 25
11 13
66 38
49 30
48 24
31 85
91 36
72 50
12 44
46 43
95 43
44 87
95 45
81 15
67 85
53 27
41 54
15 98
64 96
91 70
93 38
64 54
62 29
76 68
42 27
32 41
53 83
82 30
47 73
73 87
41 45
18 19
43 31
16 34
31 12
91 55
42 81
23 29
50 35
48 26
68 24
13 53
69 80
14 53
44 76
35 45
14 94
90 22
34 75
60 36
57 68
49 39
62 57
83 92
91 80
50 87
76 78
25 94
94 20
13 43
64 54
74 30
34 90
49 81
99 85
81 87
50 16
27 28
24 10
17 41
19 74
29 67
16 15
34 43
50 96
79 37
98 69
68 39
62 58
72 86
96 36
31 61
33 95
22 61
84 39
43 77
50 85
32 90
64 84
61 89
20 23
23 46
16 54
51 73
31 88
56 77
15 12
99 35
41 68
48 99
37 20
56 11
97 90
16 93
34 67
35 46
64 26
70 90
15 75
20 52
16 74
63 17
11 53
88 86
68 95
84 54
66 40
71 36
44 49
27 75
65 91
27 58
97 91
85 33
48 90
65 98
85 85
41 61
24 54
71 76
51 12
28 79
15 94
40 53
23 13
75 69
34 35
15 78
98 27
28 66
86 98
50 24
74 54
99 10
54 81
34 15
35 84
57 63
59 33
55 44
43 54
76 28
82 23
59 98
56 57
23 15
77 77
93 66
66 89
70 38
60 43
18 30
46 79
68 95
92 94
61 19
68 83
73 34
46 33
25 40
31 85
52 69
80 60
74 97
47 92
45 22
87 46
77 70
19 11
23 18
33 98
97 35
82 56
44 87
44 87
27 10
84 46
73 10
90 83
20 77
20 92
98 71
24 28
13 15
69 65
81 31
23 46
79 13
83 58
64 34
36 65
55 90
40 28
83 47
86 81
23 79
24 90
68 94
91 91
74 75
77 67
87 68
14 56
26 88
56 26
45 82
76 90
35 51
40 13
70 67
69 32
63 61
27 10
97 31
45 14
53 78
52 96
49 52
37 66
74 42
21 47
70 21
15 36
21 30
58 16
49 63
64 49
38 86
49 85
67 96
67 69
11 19
49 58
66 15
84 40
68 32
52 53
59 67
81 36
14 44
40 59
17 51
58 88
32 61
85 91
86 25
61 21
22 82
15 61
95 92
29 62
92 20
39 21
41 23
31 88
29 78
35 45
80 72
23 78
15 88
83 70
38 53
68 51
81 25
91 51
48 19
36 69
84 73
45 53
30 25
76 93
21 40
33 81
81 64
12 92
16 60
83 92
43 15
11 88
61 89
97 14
71 37
48 89
21 33
65 39
22 67
24 47
82 31
15 51
51 21
57 10
72 30
58 97
91 29
20 96
78 24
71 95
24 73
98 72
88 95
73 41
20 85
60 64
83 98
91 89
60 35
50 18
97 77
56 65
20 95
68 64
25 28
23 41
71 56
32 40
60 12
94 13
25 16
52 16
95 22
28 72
61 58
17 88
57 45
13 61
96 99
72 63
95 94
57 74
89 63
67 72
37 73
13 74
67 98
45 86
18 42
65 60
93 41
17 98
34 63
63 87
62 37
63 53
72 90
23 64
84 85
42 64
78 41
35 84
98 40
65 92
33 85
95 35
93 56
57 61
53 20
46 49
74 23
92 82
64 42
31 95
47 10
78 84
38 92
28 38
84 90
31 71
26 21
28 92
86 38
58 49
42 69
33 68
69 87
52 41
15 65
86 76
69 10
62 79
34 31
93 63
53 12
96 61
36 30
90 77
40 80
20 99
92 20
70 20
51 35
13 31
25 88
39 19
87 15
67 32
10 54
26 39
96 76
16 77
13 49
96 72
18 20
73 26
67 18
11 71
71 74
96 29
84 68
92 14
39 24
61 11
84 40
18 49
52 38
82 99
78 60
87 81
86 32
28 70
78 78
69 64
14 93
48 21
71 19
72 38
24 94
95 78
83 33
10 49
12 53
89 49
61 17
72 26
94 55
89 17
61 77
30 68
37 96
29 61
34 62
71 79
34 81
34 15
68 77
80 86
40 72
51 87
41 53
68 87
48 29
15 11
11 35
61 74
56 77
76 83
26 72
36 35
30 60
62 79
44 85
50 15
34 34
16 51
54 69
72 93
21 30
59 16
72 90
48 60
48 64
61 12
90 69
13 52
97 28
63 17
68 76
88 32
81 90
86 89
55 34
77 74
51 31
83 19
53 64
37 11
59 44
79 74
69 47
59 54
39 79
14 65
28 88
10 30
72 97
93 93
82 64
12 98
88 84
97 51
70 55
44 93
63 99
86 90
94 60
28 15
71 37
93 62
14 79
26 68
59 77
81 51
44 15
63 37
23 17
13 63
35 31
10 90
19 54
33 84
19 49
13 37
48 20
81 86
30 89
27 53
68 40
78 47
63 63
72 14
30 41
46 73
84 46
11 44
31 35
74 13
45 96
26 88
29 58
92 93
88 68
56 11
97 51
12 13
73 88
12 20
19 86
86 70
30 66
93 85
66 79
84 24
77 11
33 36
91 66
68 56
44 58
59 64
42 43
51 43
10 88
97 75
12 55
17 78
79 49
95 25
68 39
23 21
80 13
97 58
91 83
33 69
51 93
43 99
63 68
80 83
30 30
45 80
73 98
88 40
81 24
63 34
96 54
98 90
63 10
57 64
48 48
77 39
94 69
54 43
92 23
67 23
16 13
57 91
24 19
23 18
18 47
99 34
70 48
57 48
62 61
84 99
26 11
80 99
65 74
11 54
14 61
63 44
58 14
13 38
23 73
10 60
30 48
54 43
77 98
42 24
29 33
97 46
23 69
17 36
13 58
16 61
30 52
62 68
75 24
28 62
40 41
29 69
29 26
21 43
52 24
52 68
78 36
49 94
23 59
34 74
38 15
88 20
24 21
43 33
74 80
10 49
32 20
29 79
73 34
32 54
35 73
54 22
75 39
11 61
13 42
50 94
44 50
46 67
96 11
15 56
38 22
58 51
76 72
39 41
35 58
13 56
60 29
29 25
74 77
89 28
17 98
54 88
19 60
29 71
45 94
75 72
57 51
32 49
15 24
26 10
13 79
41 72
78 35
64 88
78 34
78 61
91 60
17 17
14 14
68 43
21 30
45 66
40 41
63 46
60 27
83 94
55 14
34 76
56 21
21 82
13 60
61 47
31 92
75 37
98 39
23 22
35 79
87 87
38 27
70 68
94 69
79 39
79 87
31 33
71 92
62 48
98 93
65 65
44 24
79 55
25 68
53 67
72 69
20 20
58 44
40 91
10 64
96 28
79 85
43 16
56 89
13 84
86 18
19 93
68 63
21 41
92 11
70 52
18 19
37 43
77 81
31 92
31 57
25 85
46 29
15 70
42 47
90 86
59 93
99 46
82 38
27 88
50 97
63 77
90 20
46 16
16 95
84 40
82 61
10 85
71 79
12 55
44 30
16 82
46 83
94 49
61 75
12 23
67 93
76 16
46 62
38 78
72 43
96 51
60 74
86 74
24 26
27 72
15 22
49 46
88 26
80 20
30 25
68 24
43 55
75 65
30 11
53 40
73 80
13 69
11 95
13 43
16 59
71 74
52 13
92 66
88 53
55 22
98 32
65 70
20 29
36 40
17 84
63 53
51 29
43 91
98 90
37 65
64 20
36 90
51 29
55 22
79 53
65 73
38 97
24 96
90 70
48 20
92 62
61 92
93 23
75 53
73 12
65 55
76 75
26 22
20 85
16 60
84 48
99 21
78 86
92 32
99 87
98 98
96 98
73 83
94 98
44 52
53 78
63 30
77 23
74 98
75 84
43 70
13 64
17 35
26 23
98 79
95 46
79 71
87 86
11 67
48 45
93 18
24 89
75 89
25 72
13 42
11 82
93 83
32 61
84 93
71 29
36 26
29 45
42 73
99 51
75 81
81 69
77 31
44 74
31 88
19 90
47 44
35 30
71 25
99 94
97 24
12 87
32 73
43 43
20 97
37 87
90 23
58 19
90 62
68 19
53 49
28 97
80 21
47 92
31 25
75 56
20 16
55 37
34 86
31 29
19 20
67 87
50 97
65 31
25 97
95 66
39 99
53 34
47 22
71 39
21 43
59 18
98 36
47 99
16 62
48 16
98 57
39 95
55 82
62 57
38 32
48 92
21 82
63 94
83 64
65 29
80 56
70 72
53 30
73 63
23 20
94 60
71 53
93 12
81 77
81 62
24 79
25 72
15 33
20 16
11 94
15 59
24 90
91 27
78 60
72 91
26 61
27 15
89 35
48 41
76 47
41 54
66 21
16 36
33 44
46 24
67 30
64 84
25 40
38 48
81 71
55 98
43 71
80 55
78 20
72 97
98 37
66 23
29 46
82 78
79 47
36 44
54 40
26 29
19 85
84 31
62 70
50 64
75 69
67 88
22 36
17 84
76 99
20 47
62 50
34 98
63 57
75 30
71 11
22 91
93 97
60 65
12 75
63 75
79 76
37 58
21 30
68 92
73 93
73 60
82 61
93 38
32 83
49 74
87 13
30 76
33 76
27 37
15 23
23 64
96 47
26 68
15 29
47 74
48 19
22 94
31 58
14 80
31 62
12 20
80 18
32 16
36 13
26 51
73 52
27 57
60 13
18 10
98 76
56 13
29 69
11 91
56 69
84 81
90 94
84 21
96 35
78 88
38 58
67 31
56 54
62 27
10 51
22 60
14 20
16 11
94 25
11 87
44 19
25 54
61 24
31 51
96 95
43 31
67 45
88 53
31 88
85 96
83 71
90 43
24 97
25 23
36 50
26 45
85 54
45 86
27 34
92 70
76 34
71 78
15 16
55 91
56 61
74 72
25 94
68 38
33 49
84 96
57 10
94 77
56 91
71 33
38 14
40 73
18 71
20 33
51 35
23 40
42 61
69 50
21 70
37 58
26 46
35 21
53 62
10 53
35 27
35 33
26 57
73 26
24 87
22 38
21 90
78 80
70 18
54 74
12 42
82 78
75 17
10 47
23 13
33 70
85 79
65 95
12 30
58 80
74 50
99 79
13 40
87 33
78 76
18 21
57 27
44 40
81 90
53 60
87 75
44 44
84 77
84 69
16 91
85 99
28 21
15 54
94 56
33 82
38 67
53 65
69 66
80 25
72 93
68 90
94 96
79 60
73 61
71 59
93 17
96 54
72 72
84 25
25 78
98 30
97 23
83 53
84 80
14 28
48 75
58 34
42 90
99 13
72 62
54 16
80 31
38 88
98 41
68 82
71 95
86 75
53 94
89 92
54 85
72 84
20 89
38 37
26 50
39 42
79 69
44 60
96 15
50 84
40 54
12 86
96 93
79 96
64 73
46 43
79 95
75 61
78 65
76 11
50 11
64 24
91 60
11 42
33 17
75 70
31 56
86 32
70 97
22 16
14 88
32 75
23 77
45 65
98 13
81 59
48 97
42 56
60 71
87 22
82 63
74 26
30 84
23 46
35 20
46 52
77 98
93 10
38 52
73 86
55 53
11 14
11 47
52 76
35 72
86 79
75 64
55 39
58 35
31 68
84 77
35 15
28 43
64 79
67 17
76 56
52 82
19 79
51 96
30 66
26 33
22 89
30 45
13 25
81 34
67 11
31 66
91 93
59 14
91 29
79 64
79 48
81 75
92 11
61 15
15 96
46 39
55 98
70 72
19 23
47 14
41 86
21 45
22 10
55 78
75 22
18 61
95 34
25 86
25 48
74 37
95 34
33 98
20 25
82 50
87 61
38 47
99 40
47 76
62 32
72 20
62 72
26 73
57 98
64 15
62 21
89 25
42 20
55 32
42 55
15 12
96 46
62 68
63 86
98 43
41 51
74 79
27 35
70 77
69 45
16 14
10 78
45 34
98 70
64 67
38 71
87 99
23 41
94 15
84 54
15 71
56 63
57 84
24 75
62 34
89 66
66 43
97 25
10 21
74 51
34 61
97 22
12 77
91 26
79 36
84 26
60 83
67 10
43 26
24 18
32 66
87 48
46 55
83 28
48 21
42 47
80 45
73 82
76 98
31 49
25 70
93 99
37 86
26 25
99 31
97 64
41 10
34 10
10 61
15 60
36 90
38 94
30 99
86 50
57 73
11 28
76 52
28 79
52 35
78 51
48 24
81 67
62 54
52 67
24 15
63 96
20 98
24 34
60 36
65 42
61 51
69 21
80 72
71 51
74 10
15 21
24 56
79 62
81 92
28 49
69 39
48 27
81 20
88 15
67 56
80 85
10 64
71 32
13 96
94 87
80 20
49 96
64 21
25 96
85 23
82 41
44 60
67 85
39 20
31 27
63 47
66 94
93 20
76 75
32 12
38 69
45 76
85 15
46 22
43 37
72 38
29 64
48 36
10 42
19 43
75 91
25 81
52 75
54 77
27 71
47 87
43 60
51 20
54 50
31 91
14 44
12 30
33 48
24 93
23 94
17 94
72 54
25 70
89 57
82 83
97 52
54 82
56 54
97 13
16 36
42 55
65 48
92 45
93 75
50 98
60 88
32 59
96 46
91 41
19 30
71 84
47 60
38 53
23 68
70 45
15 51
23 38
41 21
26 23
18 55
71 70
15 69
72 45
58 85
52 98
61 91
73 52
33 66
14 76
27 49
91 48
33 68
79 94
79 68
28 13
16 15
31 75
27 29
62 44
23 72
62 21
64 86
57 14
59 54
68 38
48 72
30 48
71 81
61 54
44 24
67 44
64 57
83 36
75 22
11 62
74 55
14 58
95 95
84 28
68 24
75 44
77 11
94 18
60 35
71 72
16 61
63 32
57 76
74 59
25 67
39 10
40 69
77 76
36 27
48 89
94 94
84 19
89 77
59 14
81 21
81 38
27 30
67 28
49 20
71 58
22 46
33 21
30 35
49 56
83 39
76 87
41 32
21 11
20 94
26 27
58 87
71 14
17 40
99 32
79 58
33 75
73 80
94 65
24 77
99 65
61 88
39 84
81 28
45 51
77 26
46 70
31 63
10 47
78 26
41 74
23 22
14 76
26 87
56 62
13 22
51 32
39 47
94 21
84 42
58 13
97 20
86 74
62 99
99 27
33 94
86 15
72 44
72 19
54 34
57 62
93 77
72 65
85 69
51 86
16 83
14 68
13 11
64 53
28 94
14 22
23 66
34 99
48 94
99 73
46 96
50 23
46 55
81 60
58 31
38 26
62 43
52 85
22 32
18 85
52 97
18 89
63 42
15 32
49 46
30 59
81 83
22 35
85 51
48 35
30 84
89 38
15 12
87 45
25 71
82 94
13 46
16 22
25 15
12 22
85 18
15 85
48 91
70 34
50 31
37 92
30 69
65 98
28 51
25 11
73 56
28 81
89 90
15 13
45 48
90 15
61 90
22 60
73 10
29 57
20 14
79 72
76 98
80 18
79 16
88 88
52 37
22 24
47 83
30 28
18 30
92 44
36 68
59 52
32 59
45 80
62 11
13 60
78 75
10 36
38 28
40 58
21 75
33 75
43 45
65 23
53 10
53 51
21 92
16 25
28 40
71 97
28 62
89 64
16 68
25 73
43 18
41 55
90 76
87 23
31 56
72 55
62 31
12 96
41 64
37 35
75 29
62 62
46 86
82 70
54 95
25 57
53 54
56 72
96 96
14 74
22 22
13 49
46 22
54 61
43 34
53 69
24 37
92 66
68 72
42 61
18 85
95 27
42 31
62 27
59 71
60 36
41 51
61 36
58 71
47 39
48 46
73 72
30 89
35 65
81 99
60 97
70 28
26 68
69 72
94 82
52 58
32 55
40 33
51 33
23 92
55 58
64 17
97 92
13 32
85 63
49 40
42 15
85 19
46 58
30 82
97 19
28 51
57 73
80 17
56 26
98 74
77 13
17 20
23 96
35 62
53 63
53 25
51 51
49 69
46 35
14 58
57 91
21 56
87 55
21 68
77 51
16 44
20 14
69 25
41 41
51 32
12 39
72 67
64 64
16 43
13 16
23 62
82 29
78 91
89 92
62 59
28 19
46 97
84 28
51 62
31 19
69 91
22 72
11 28
99 76
65 96
44 98
66 36
73 94
41 81
37 33
22 41
16 84
29 46
87 25
65 20
15 47
48 45
44 44
35 66
15 52
37 67
24 94
86 65
79 85
12 55
97 94
19 51
70 41
31 35
65 26
70 72
39 34
58 93
33 46
21 24
17 89
65 48
19 67
68 69
82 77
73 38
62 51
76 43
47 44
30 81
27 79
27 45
54 64
14 90
87 52
96 60
67 90
26 12
57 82
12 29
83 92
22 71
89 77
87 41
92 52
61 29
76 92
70 45
65 86
45 22
36 49
82 93
49 41
92 93
37 18
69 44
72 16
71 50
41 65
27 96
47 62
38 72
28 11
90 59
93 79
76 92
47 86
58 48
31 84
54 54
46 15
80 54
81 17
63 22
98 64
82 58
95 51
12 13
11 29
77 75
25 10
84 52
77 66
17 89
17 20
76 95
84 63
44 78
40 75
84 96
71 28
13 75
16 16
85 45
59 13
14 89
41 82
55 63
52 92
92 65
29 60
89 32
71 19
10 81
87 45
73 56
80 94
25 48
73 89
28 44
10 88
73 62
96 87
23 67
24 72
53 23
72 78
70 16
64 26
19 99
82 96
73 40
63 39
51 98
19 67
62 59
41 68
96 28
43 83
13 72
54 78
54 61
10 97
56 24
28 76
14 38
93 70
64 52
45 96
70 70
10 18
39 87
39 40
75 59
79 55
33 77
84 93
82 37
55 30
64 59
95 75
77 34
21 23
21 32
45 64
75 79
30 51
68 15
96 96
88 93
17 28
28 49
51 78
74 21
33 23
59 98
74 97
79 83
79 29
75 97
24 93
14 47
17 36
79 89
62 32
14 32
12 23
96 14
85 24
14 36
54 26
14 56
83 20
34 10
83 60
20 96
11 44
44 51
67 49
86 97
41 14
56 65
75 89
78 37
23 41
64 22
18 38
89 95
54 49
43 76
65 59
19 96
43 48
25 35
85 63
33 62
32 59
26 40
89 84
94 39
31 58
28 66
32 83
22 74
72 39
58 56
94 88
31 76
53 75
22 97
41 57
39 83
96 38
39 77
49 80
67 77
24 13
53 50
94 22
13 91
91 59
57 63
68 84
42 43
32 87
41 59
68 75
34 33
13 25
35 12
44 67
51 54
46 33
97 22
12 63
34 42
54 51
33 18
22 75
95 88
95 49
43 18
97 76
78 62
19 79
15 86
97 44
47 33
26 23
15 44
65 97
77 92
11 80
53 79
65 92
85 28
72 81
43 49
52 74
18 49
40 16
19 60
19 84
20 74
37 50
56 99
20 78
35 29
48 84
63 21
61 99
14 35
38 34
37 98
94 77
84 53
50 68
76 60
47 62
74 65
54 45
85 87
72 87
28 71
34 58
73 31
33 89
49 66
58 19
26 22
31 15
43 79
31 90
26 39
73 86
75 13
51 27
49 50
48 68
80 71
57 63
36 47
98 64
58 84
12 92
46 82
50 13
25 16
12 24
32 95
27 27
88 62
82 59
79 66
77 11
93 99
39 90
72 65
39 25
69 61
24 61
20 86
38 77
97 29
48 80
25 21
78 78
24 23
35 92
18 60
65 23
60 35
51 12
92 18
84 82
75 77
20 34
77 31
52 71
72 96
93 90
10 22
14 65
16 97
50 98
26 18
43 90
18 54
15 92
99 28
26 83
54 82
83 29
69 61
33 90
24 67
12 11
45 61
41 28
79 20
18 68
60 67
57 47
15 56
81 91
48 71
60 43
13 88
64 74
60 84
47 50
94 18
26 35
41 59
96 29
84 21
91 49
32 76
94 17
73 89
17 60
66 12
48 19
75 95
29 95
36 24
75 81
18 31
35 14
26 20
42 98
83 37
37 27
88 60
38 75
62 90
98 97
48 91
43 43
87 54
93 73
74 50
91 11
41 47
47 99
91 98
69 46
39 21
36 43
99 49
27 36
61 53
13 26
98 77
34 29
81 81
12 84
11 47
96 19
24 91
71 41
42 70
28 55
37 31
37 64
65 63
60 64
62 24
27 45
94 45
23 65
43 36
61 14
72 15
63 88
95 82
43 13
39 28
79 61
10 73
43 28
78 31
36 55
54 12
18 22
32 74
74 47
31 34
79 80
86 30
23 72
25 62
37 33
41 91
91 92
81 63
80 97
84 77
62 54
65 34
78 34
72 34
35 60
49 65
78 62
32 10
33 95
28 41
63 67
46 24
70 37
96 30
45 74
12 70
52 14
53 99
85 35
53 14
71 10
80 64
25 54
49 53
61 58
53 14
18 36
55 12
78 28
87 91
93 38
49 53
13 85
95 34
22 52
95 58
77 79
22 55
15 33
58 50
83 44
73 28
37 86
60 52
39 33
48 66
71 63
76 62
51 32
18 96
95 87
59 29
29 80
17 10
25 70
73 41
27 21
14 42
68 21
63 98
48 80
56 92
70 57
64 88
83 22
74 99
31 30
38 22
47 76
86 13
91 92
48 26
45 75
77 50
54 84
88 10
30 75
72 85
53 54
52 86
44 53
42 15
87 76
32 56
27 30
59 38
73 35
60 71
62 94
27 81
94 91
35 95
81 26
12 75
52 14
56 67
42 55
44 99
64 52
93 61
27 85
56 22
69 29
63 74
38 49
20 47
22 89
29 64
81 34
88 79
12 92
27 60
77 43
35 84
86 64
99 74
43 50
37 77
45 34
44 98
17 79
91 56
25 18
93 17
93 60
40 42
11 43
36 84
73 47
32 43
58 92
45 42
68 63
31 36
96 57
76 98
54 73
55 43
60 93
11 70
63 81
18 27
24 83
23 13
48 47
17 21
51 37
18 36
84 78
20 69
71 24
90 42
63 79
25 10
40 42
77 60
99 87
63 62
58 26
60 45
68 72
68 75
65 82
37 87
77 54
17 50
40 73
37 31
21 28
19 55
10 94
45 78
67 26
24 48
52 75
25 33
46 11
81 30
31 26
66 36
69 78
96 57
61 24
33 89
58 77
21 53
36 72
49 65
88 38
23 40
16 36
26 29
45 60
65 17
72 14
85 33
31 33
44 26
56 73
82 59
50 15
95 88
99 77
64 27
75 91
95 62
16 99
67 84
10 62
75 51
38 88
64 26
47 39
60 31
36 39
38 84
40 11
43 50
33 15
22 95
81 53
94 49
98 47
80 13
63 57
12 76
37 45
17 54
57 42
97 18
87 88
26 38
89 92
18 35
78 85
20 71
86 47
91 33
43 80
49 16
79 36
81 13
94 71
96 31
67 10
75 12
41 19
18 16
83 43
65 75
68 32
55 79
82 32
43 95
85 58
39 86
38 91
44 41
48 70
99 35
42 63
55 27
57 82
18 10
36 77
53 54
63 89
48 13
16 90
29 97
71 52
18 94
75 50
90 80
48 58
33 27
44 86
18 93
98 83
13 24
91 17
59 59
16 46
90 89
49 64
51 72
32 72
71 78
23 31
77 95
15 96
87 42
68 27
54 98
26 14
94 87
69 26
64 14
63 57
31 52
12 63
22 66
52 60
64 78
47 27
83 15
85 99
21 28
19 91
33 14
40 22
56 46
53 84
58 68
13 46
56 22
54 15
50 84
29 81
88 70
70 35
41 79
96 52
67 58
63 29
17 57
12 64
99 79
94 90
40 70
35 13
36 94
32 63
19 40
17 40
93 43
54 25
44 76
84 37
14 68
39 92
59 67
19 86
49 29
19 56
29 55
67 45
25 47
33 11
44 24
67 21
56 53
52 71
70 95
51 99
70 10
69 58
60 85
42 92
29 27
29 76
43 81
67 93
23 22
55 81
68 99
68 16
73 96
64 71
