10002
15 156
201 204
129 340
470 544
479 538
266 989
217 841
18 308
187 330
997 515
721 894
51 52
312 913
861 619
98 948
605 728
238 766
305 864
423 709
844 193
371 908
849 664
591 954
683 988
387 660
580 490
370 100
975 579
587 466
54 647
410 766
720 325
44 281
136 885
247 438
756 297
69 467
293 142
977 966
528 471
284 888
665 527
834 593
723 891
521 642
562 472
568 771
253 60
619 788
597 740
601 312
160 812
873 425
988 942
77 389
608 663
874 990
888 686
360 39
350 670
85 707
28 602
11 307
719 713
330 969
56 976
362 248
352 793
665 537
963 702
424 662
325 141
479 383
492 947
250 328
814 901
675 93
827 130
497 927
131 486
281 942
650 476
964 405
627 894
263 783
400 353
896 726
544 576
328 972
353 608
644 939
931 603
882 398
499 692
791 324
280 898
977 164
181 184
444 609
488 243
952 119
815 494
893 866
706 613
319 467
721 407
892 40
803 608
651 324
209 217
65 285
549 872
476 197
797 668
666 989
651 96
501 667
727 712
372 452
258 169
443 428
155 171
842 665
143 878
708 140
431 376
124 805
678 149
607 821
154 411
337 896
153 36
872 956
926 402
66 233
503 38
809 29
752 370
449 638
628 63
425 887
792 404
895 411
521 192
853 530
226 498
816 654
72 142
104 113
141 251
883 77
720 630
949 761
361 989
573 272
236 546
801 499
680 651
271 510
553 189
387 148
238 590
730 610
448 575
551 95
821 922
13 926
463 728
258 376
730 803
146 719
660 781
333 147
605 561
485 611
222 673
374 105
634 886
828 635
557 28
247 943
802 10
320 472
610 202
579 266
714 521
967 601
558 962
25 546
589 867
937 104
878 980
377 49
160 829
396 76
776 913
452 128
865 543
587 116
790 95
188 754
170 396
470 800
702 201
187 806
263 757
248 349
655 274
122 254
27 630
982 840
753 849
363 277
600 359
890 814
661 778
253 920
499 303
759 108
345 674
902 985
750 912
300 610
561 379
829 635
594 565
894 818
982 75
958 22
530 67
210 401
693 740
102 840
579 862
285 609
458 871
846 326
949 883
997 163
689 796
698 330
92 742
304 58
477 177
261 281
233 155
566 759
72 786
676 500
740 714
207 66
43 229
442 906
480 31
444 753
509 117
981 669
313 109
904 218
387 224
292 446
66 235
494 725
86 354
343 130
354 924
302 673
633 495
233 310
325 908
802 344
676 759
750 139
551 871
500 583
732 542
562 876
277 355
502 63
943 824
497 473
692 898
631 551
501 207
911 424
280 152
290 324
470 302
16 15
310 499
177 540
625 18
502 142
795 154
491 83
165 184
471 937
545 57
789 338
752 687
902 591
302 700
320 289
128 416
826 770
119 748
55 85
182 690
998 345
45 82
541 723
412 781
895 724
440 228
858 197
397 515
107 198
568 988
150 421
879 264
623 349
471 816
393 232
293 55
443 714
849 333
96 615
953 782
200 643
846 353
338 908
976 849
692 693
182 404
207 587
229 555
875 282
847 320
189 329
543 30
112 316
757 509
469 488
647 576
246 948
929 925
755 100
831 238
882 697
252 385
457 438
686 122
871 689
490 448
565 696
466 454
503 902
707 361
85 106
510 263
393 964
755 818
288 909
237 19
876 288
598 696
987 707
526 363
322 744
42 896
801 32
656 182
50 502
261 519
678 122
415 703
155 309
38 698
200 802
672 919
152 59
342 884
669 732
331 877
725 923
753 927
269 767
445 983
33 612
523 755
62 343
932 585
63 509
234 726
928 73
178 266
195 878
182 248
117 540
279 11
305 233
372 836
920 907
639 178
720 819
661 429
366 701
786 121
749 168
265 807
544 354
300 935
890 778
884 615
157 300
184 616
416 921
745 884
226 442
505 838
133 221
841 103
320 313
994 653
445 784
681 487
542 928
539 403
465 784
962 53
880 169
152 48
17 780
78 888
157 793
939 525
896 57
297 643
116 24
430 94
643 999
99 22
987 179
524 970
854 15
920 279
364 353
676 288
540 284
728 96
298 239
136 691
605 429
583 92
233 423
681 859
277 187
284 405
367 79
807 613
934 74
372 782
119 767
885 574
658 954
640 269
307 524
64 748
983 945
189 274
489 705
905 829
894 153
44 639
612 645
914 795
275 734
166 415
389 454
287 187
713 896
558 569
19 710
541 75
887 707
108 768
502 42
661 468
333 468
475 529
624 772
901 650
407 244
420 265
230 412
479 661
595 519
774 435
711 881
776 338
857 568
905 476
419 743
791 635
80 779
928 956
311 235
670 130
510 885
86 93
40 681
216 480
770 348
340 560
19 226
584 287
70 676
955 325
62 946
376 128
247 478
735 651
602 888
705 401
472 700
973 25
63 715
293 843
989 992
568 658
754 969
49 356
589 242
497 312
64 577
166 334
580 274
794 20
789 382
839 947
855 129
160 586
832 587
936 327
224 450
915 669
303 730
957 136
558 738
812 626
140 802
147 473
310 862
490 616
772 905
736 929
484 10
156 771
779 639
143 121
594 685
804 72
513 229
827 977
986 909
128 605
224 573
609 556
449 323
650 936
385 338
484 796
261 456
332 336
988 515
691 535
390 347
636 68
431 682
550 874
599 673
41 374
581 330
702 230
89 904
150 778
729 42
898 780
488 705
348 636
173 378
115 728
667 960
311 793
44 914
260 488
135 611
163 359
798 802
352 912
548 83
779 526
393 74
688 407
903 649
47 255
986 39
129 560
739 445
61 629
126 133
551 663
491 760
725 119
175 117
555 445
830 516
667 893
495 840
305 82
825 87
524 153
912 265
911 391
731 898
741 226
594 850
190 982
545 74
501 422
799 168
570 854
962 628
817 273
597 856
585 101
969 430
29 583
589 358
273 915
316 270
454 983
22 415
138 310
92 385
253 703
851 985
655 953
986 584
97 385
215 772
216 698
752 171
101 65
425 97
929 245
469 920
916 505
800 866
630 479
491 808
57 33
465 941
866 217
156 576
681 377
626 223
815 223
587 663
772 337
506 855
971 601
909 496
943 181
607 940
473 731
62 144
917 328
289 837
720 764
134 363
209 408
280 161
432 299
353 510
742 188
910 516
459 430
179 411
886 46
138 982
878 179
333 950
274 793
552 70
703 800
171 649
495 670
534 715
515 19
424 766
331 675
34 452
157 234
841 179
865 409
673 31
254 784
86 542
399 767
355 55
431 814
686 41
157 567
546 351
165 678
697 209
406 97
114 83
561 239
23 671
124 166
416 310
845 446
222 834
428 908
837 738
179 813
189 822
818 965
649 642
923 405
809 265
570 300
178 923
105 39
448 68
488 502
824 886
993 158
193 141
141 759
481 308
720 846
435 55
71 315
316 27
82 45
695 218
760 48
746 288
48 820
635 846
191 128
569 675
524 334
511 948
980 670
615 251
645 179
593 865
34 487
341 657
381 877
34 280
907 506
950 281
676 681
617 171
343 456
784 567
33 552
31 856
730 934
945 582
536 824
727 218
79 644
130 779
951 511
962 604
988 621
679 132
397 836
995 268
949 437
125 662
296 200
433 677
573 740
242 192
491 418
694 502
585 204
925 370
512 838
290 319
28 550
989 63
414 710
460 123
427 865
61 795
13 304
693 651
545 777
64 798
123 283
887 338
405 816
265 435
521 300
12 367
127 551
904 328
332 725
527 809
919 519
621 950
690 69
590 967
748 896
17 38
575 10
150 901
810 560
516 181
352 485
112 650
850 203
841 853
572 826
740 723
825 293
814 819
911 594
47 760
47 14
711 58
465 993
52 812
12 604
43 308
982 749
738 319
421 68
171 978
605 110
89 62
946 308
491 195
611 152
470 911
248 550
655 741
573 467
536 616
66 293
798 372
254 470
60 453
830 958
760 64
282 816
674 288
590 679
188 637
513 590
843 206
282 481
937 156
669 827
233 457
443 441
684 397
902 105
908 21
92 202
219 766
133 552
64 215
56 12
143 900
797 881
16 170
421 795
386 340
426 226
476 846
697 117
238 716
792 269
504 692
365 670
258 929
661 370
914 282
880 990
506 835
107 189
894 391
557 509
839 446
686 202
948 339
681 795
543 864
871 560
842 253
735 808
368 593
647 997
671 710
947 951
355 511
719 274
807 905
962 90
717 14
458 727
499 265
264 288
132 88
273 756
185 911
378 993
93 299
193 212
890 35
259 603
31 200
863 463
712 897
888 353
156 609
457 728
505 844
277 726
446 600
410 314
946 859
465 631
988 767
38 309
130 452
693 731
985 778
17 882
662 631
198 655
183 153
889 804
506 969
607 265
917 449
47 142
438 41
166 836
88 859
322 175
318 250
87 347
142 488
291 571
927 272
238 524
394 405
758 534
991 433
810 423
92 313
680 453
457 686
356 634
957 891
592 932
404 332
960 463
740 691
611 153
672 595
18 219
112 641
368 663
721 605
503 440
428 277
241 418
455 228
733 848
216 358
600 572
64 286
637 850
679 422
933 174
196 569
63 734
604 627
330 718
365 844
48 469
650 338
326 292
372 39
60 754
567 405
939 274
295 723
192 651
303 962
576 324
753 400
936 459
184 479
396 701
182 260
618 540
743 980
141 978
338 141
268 999
195 55
563 925
38 684
967 293
156 607
272 285
604 849
586 832
201 105
755 548
995 123
605 230
732 81
751 858
576 440
577 536
740 833
995 232
623 854
272 461
701 109
925 550
449 575
272 723
990 287
771 479
404 281
827 334
533 686
509 768
130 109
244 896
645 955
999 214
412 360
351 485
22 486
391 908
628 328
198 908
115 175
691 225
577 781
643 198
640 90
863 268
853 573
218 873
523 47
398 965
728 575
476 227
800 506
684 841
571 754
165 175
808 481
494 372
123 48
588 279
983 294
629 635
530 666
43 950
241 570
229 135
883 939
395 745
534 411
254 178
781 136
892 227
57 480
129 686
75 770
605 657
434 279
782 254
639 600
839 643
945 102
201 899
446 489
99 419
534 995
658 609
386 820
408 886
573 292
702 495
216 262
843 391
399 343
506 70
252 217
154 968
580 688
557 783
170 941
371 148
173 492
241 484
906 630
454 371
216 185
97 260
377 569
980 497
535 975
121 627
792 668
238 191
238 633
624 498
682 338
393 400
434 907
662 522
993 262
316 323
185 311
347 259
190 796
196 394
794 645
366 757
666 586
894 433
862 953
168 469
53 126
970 971
910 456
364 48
292 56
175 765
282 801
561 128
933 972
890 992
990 619
509 451
300 212
267 167
604 323
11 254
15 286
929 325
791 508
250 258
141 862
36 23
972 703
267 666
941 717
511 841
83 325
249 954
491 157
169 678
568 617
212 642
707 730
320 40
861 648
876 545
50 595
693 956
938 275
113 129
429 629
263 721
530 389
998 990
314 848
657 723
322 635
243 717
133 40
924 58
127 940
662 39
752 108
768 727
678 606
114 979
928 588
672 41
289 414
32 17
346 791
667 278
828 945
564 858
907 620
206 544
584 30
187 715
343 491
638 832
557 759
206 730
768 453
970 337
502 542
507 885
263 589
144 260
779 305
18 228
970 373
528 894
934 865
769 529
213 904
306 760
130 432
837 373
381 724
698 529
640 45
562 138
211 64
483 709
971 546
163 850
412 653
210 848
184 776
776 204
392 173
636 883
177 425
10 240
443 488
365 636
448 405
857 101
149 777
486 24
612 800
464 544
317 57
795 456
376 414
191 307
879 602
130 48
496 179
347 200
268 650
782 776
879 197
825 305
557 883
995 983
709 791
506 374
851 782
462 804
586 536
516 344
506 420
475 480
666 917
573 872
617 715
765 456
28 249
40 267
575 649
625 50
157 847
456 754
511 198
313 505
36 388
326 743
162 124
396 349
279 746
779 289
559 964
14 284
61 820
329 683
152 219
869 937
894 770
274 670
445 729
66 780
963 279
623 414
811 525
737 655
758 359
619 697
848 71
145 848
232 863
41 373
942 587
150 788
932 666
755 313
706 639
799 190
415 569
308 258
220 555
643 667
323 583
185 919
876 674
98 75
329 855
692 338
718 677
482 404
681 42
418 400
473 327
282 289
500 562
707 434
367 97
619 896
990 534
783 619
290 308
733 872
186 275
357 201
836 656
254 757
164 296
768 771
236 329
177 791
721 938
162 783
537 746
791 398
982 758
620 875
361 629
887 394
89 645
392 318
332 557
130 822
430 917
216 898
694 896
787 425
451 872
984 870
974 401
894 389
712 678
137 242
621 19
673 900
932 904
684 71
789 978
929 316
423 821
688 616
56 405
266 137
770 244
278 882
882 386
303 90
216 124
895 931
693 704
22 65
294 310
408 895
919 105
384 601
682 153
637 967
890 260
75 713
622 198
587 935
756 541
407 505
887 65
798 97
345 45
670 370
876 632
151 528
847 284
922 143
606 711
477 482
456 528
823 335
660 147
324 738
590 385
639 113
948 377
838 685
469 762
711 443
900 894
750 12
422 316
233 951
96 116
148 846
449 711
876 268
137 321
969 189
521 417
351 896
616 321
622 183
740 686
673 650
254 148
574 360
244 826
759 324
720 30
674 619
72 771
90 951
364 91
22 313
764 184
992 156
418 719
257 163
95 614
399 680
358 985
322 977
772 696
947 486
380 631
514 935
890 596
951 895
788 544
631 298
717 120
996 770
578 623
654 996
411 35
760 561
927 960
130 302
336 804
897 211
283 652
63 507
989 996
928 98
343 730
712 420
265 827
541 408
162 335
127 357
997 749
666 434
167 623
343 321
12 172
713 226
272 600
845 139
636 90
300 103
591 652
525 184
730 95
521 65
313 649
886 597
320 38
59 755
208 19
648 109
954 984
364 291
261 139
737 248
882 804
380 555
881 820
714 821
572 643
940 824
64 950
505 724
268 440
48 49
614 62
49 28
920 691
17 915
461 976
540 144
703 16
866 524
479 144
217 192
282 913
798 648
626 601
189 808
264 382
984 196
672 303
811 978
405 715
566 746
440 611
486 468
610 425
590 81
318 362
176 448
322 426
444 863
553 581
963 201
464 863
581 970
331 873
82 138
772 687
855 555
451 39
532 945
382 257
54 961
364 257
205 823
691 265
746 191
418 891
568 388
557 60
151 729
640 627
843 183
498 137
549 159
789 716
297 926
387 504
301 334
900 45
776 25
667 634
732 691
821 621
682 793
57 488
390 279
555 767
596 576
32 327
327 544
834 990
364 85
833 269
894 178
652 706
164 686
562 773
65 193
89 947
374 249
240 303
440 316
558 929
961 200
20 24
16 396
106 79
343 452
491 219
577 360
547 97
902 764
169 189
371 696
804 914
451 174
352 179
199 487
508 886
618 207
625 767
849 541
664 107
123 631
783 543
108 435
599 900
662 951
308 870
608 793
422 945
53 608
559 132
794 347
831 350
383 537
310 67
294 34
921 572
822 695
711 182
163 385
909 80
46 509
82 207
161 811
708 495
374 811
627 531
210 441
180 679
206 410
731 491
951 392
132 796
358 246
934 796
201 913
82 844
570 189
311 489
655 910
875 617
889 921
244 118
387 412
130 425
646 498
979 246
500 589
808 347
266 565
658 906
902 628
281 251
727 414
789 851
655 623
583 671
264 788
201 116
773 594
601 917
292 915
28 618
112 157
121 501
714 126
940 120
860 701
544 406
525 27
632 961
462 784
829 451
901 472
824 726
16 287
256 340
28 946
280 984
168 278
701 254
820 976
768 23
526 184
36 273
357 244
199 430
731 514
153 770
309 639
13 151
968 361
997 222
311 976
622 813
282 908
477 480
748 350
877 798
902 899
313 140
383 27
723 302
568 704
400 517
288 880
560 116
508 934
596 549
583 857
21 497
173 204
226 626
719 93
94 79
22 886
900 694
550 315
711 274
610 988
426 145
163 897
54 798
447 204
850 133
449 247
657 578
652 609
765 716
347 700
625 914
245 529
633 22
789 677
310 279
600 187
600 460
606 808
859 436
105 773
615 220
500 965
629 784
322 610
428 763
386 23
406 602
901 492
671 430
191 673
964 991
140 994
886 618
751 766
352 799
952 999
232 39
562 86
676 651
639 197
848 44
585 34
606 103
12 884
655 61
908 233
949 930
367 363
966 94
189 863
40 844
668 754
207 120
128 718
205 975
77 163
432 194
50 519
88 809
838 85
908 982
22 550
565 428
878 915
817 947
371 420
801 888
505 362
763 93
226 521
898 674
646 474
895 729
452 700
189 263
119 447
853 681
698 589
914 921
359 360
182 106
708 24
411 256
494 688
366 682
546 854
616 478
32 321
215 951
281 950
761 324
239 667
408 998
748 211
693 87
318 243
534 383
986 841
984 914
704 746
231 64
233 837
657 885
747 290
477 891
124 567
196 927
776 175
302 132
266 792
404 819
845 454
522 978
441 880
367 586
34 934
594 285
207 242
933 295
546 185
259 248
397 658
210 605
957 671
745 574
67 410
852 993
314 277
825 116
808 520
211 849
214 195
170 337
774 641
809 937
644 801
161 714
600 609
541 754
712 662
823 272
633 750
641 771
878 527
192 961
439 916
401 545
212 852
613 485
547 942
970 597
465 641
51 169
146 359
520 284
222 161
589 283
808 636
169 908
708 775
167 339
868 546
70 997
899 10
557 565
922 485
939 148
83 992
770 950
145 205
895 266
463 437
681 370
20 522
997 864
471 119
572 930
722 919
600 569
876 313
686 769
493 521
269 520
162 483
973 831
660 189
371 679
66 403
822 818
930 94
244 842
102 697
239 326
372 753
628 480
823 54
590 427
73 609
135 283
14 618
713 739
263 162
575 641
293 685
558 572
148 734
658 346
710 518
779 23
994 702
469 116
166 859
924 948
35 327
738 74
795 315
332 318
682 590
759 770
553 148
966 332
180 931
250 920
718 148
954 376
920 823
711 374
539 514
741 463
922 245
487 206
667 476
649 811
63 407
812 363
439 675
908 314
696 534
557 536
107 704
962 598
164 723
357 725
691 405
366 397
117 462
188 178
798 596
377 941
604 449
913 328
300 549
12 360
348 786
208 452
164 730
329 67
945 47
991 979
824 859
260 864
610 800
41 147
76 883
457 813
129 523
838 242
626 252
164 529
893 20
579 996
891 884
393 784
956 345
324 473
736 494
833 211
633 854
317 798
536 977
767 606
65 113
213 452
790 710
138 425
57 671
764 847
403 162
886 832
386 346
559 972
797 967
814 722
925 344
527 377
808 599
118 975
186 405
78 788
84 897
191 760
835 278
292 619
449 623
159 922
950 473
678 658
872 910
324 131
976 455
666 183
162 95
372 499
989 204
652 580
432 605
756 297
438 826
526 402
835 443
723 893
399 123
871 738
39 497
47 207
235 832
558 174
899 323
124 721
133 597
755 45
247 836
788 342
121 468
505 305
920 805
317 98
355 545
530 533
660 853
562 460
480 802
596 139
625 864
41 886
919 234
646 300
740 411
51 537
547 577
184 344
574 655
509 819
962 191
218 917
461 821
119 755
769 12
809 268
300 881
449 520
758 661
364 799
437 143
286 173
975 746
225 152
469 317
331 203
780 607
20 931
275 946
52 227
864 744
112 782
451 504
320 540
74 100
499 373
815 298
299 157
396 465
770 650
976 539
191 841
365 298
710 904
915 681
552 522
857 187
567 109
869 589
58 511
317 815
338 502
493 530
474 161
467 233
56 847
741 692
737 57
823 218
635 420
640 159
81 350
617 860
312 402
574 584
851 771
229 212
117 887
593 210
545 353
298 172
558 804
926 168
574 818
978 119
519 589
509 859
518 841
958 942
891 480
594 912
194 110
48 320
53 510
743 381
777 484
736 952
445 120
215 905
494 630
618 386
511 799
553 434
710 257
311 796
575 958
734 502
279 193
820 511
548 218
993 253
197 856
817 195
729 185
799 442
516 938
834 246
325 101
711 214
841 905
851 914
268 384
750 387
111 185
514 771
940 587
300 708
131 418
999 626
856 37
446 360
535 204
300 416
976 591
904 259
412 857
912 469
160 569
718 132
499 152
790 123
520 58
572 316
598 462
811 185
467 969
770 123
838 450
862 864
360 816
222 149
991 56
423 305
235 610
622 890
515 135
256 935
742 718
649 886
925 809
464 705
700 302
545 131
28 881
789 984
942 708
305 229
799 397
869 379
507 852
309 686
88 782
561 845
902 297
744 714
805 775
774 574
575 177
358 629
227 885
231 338
718 448
195 566
558 979
524 378
923 630
88 82
563 838
895 352
12 856
142 850
962 348
174 265
427 15
674 370
691 642
936 52
150 63
520 320
708 354
456 681
869 433
985 623
177 409
436 631
295 670
768 995
16 552
192 834
729 987
890 24
989 854
879 776
556 432
188 891
975 779
32 889
107 691
747 210
616 974
367 438
487 648
771 896
934 679
379 665
382 795
881 452
81 483
360 472
959 332
245 46
505 435
712 631
629 213
155 204
20 303
171 252
30 478
134 848
153 189
297 290
43 482
324 950
325 109
981 636
15 765
551 753
36 418
916 137
585 211
222 778
13 472
267 630
30 744
502 420
910 702
88 873
539 826
392 507
479 368
114 347
20 757
70 894
784 910
852 722
947 740
71 396
563 873
664 546
602 644
149 354
526 790
809 301
823 680
322 271
30 129
306 269
19 940
977 341
903 743
591 300
112 27
338 520
331 661
291 595
690 527
63 161
527 767
131 835
50 769
177 813
661 735
282 971
590 349
607 186
215 449
498 883
315 132
665 277
286 295
684 235
918 554
957 454
742 495
111 547
180 439
804 911
719 582
602 446
698 453
845 961
744 335
804 144
816 758
52 100
596 908
859 721
884 606
276 19
590 816
307 453
819 274
428 890
71 435
160 10
589 823
104 188
450 535
753 278
545 543
669 672
678 899
792 502
721 271
796 767
335 369
376 288
133 577
563 652
826 629
648 602
887 866
938 128
472 701
282 84
277 179
270 667
560 947
435 240
787 536
10 881
491 806
706 21
121 258
156 656
14 882
762 246
583 63
484 418
786 862
201 649
363 284
882 825
82 631
977 338
188 890
534 27
834 41
17 749
816 812
827 156
182 150
896 751
862 261
53 221
28 985
463 98
106 154
692 767
354 843
152 855
901 363
604 522
379 285
872 491
425 309
945 966
327 683
641 554
791 694
34 105
780 528
236 795
743 759
240 650
253 471
684 404
362 587
483 450
837 749
429 557
513 973
996 63
775 292
256 699
220 559
311 411
445 144
51 848
741 724
80 328
455 486
312 569
555 290
698 219
329 507
403 785
468 737
867 275
14 95
571 710
104 220
247 253
982 819
412 900
568 113
154 508
891 679
171 509
61 947
171 100
199 330
681 957
701 111
15 209
369 675
941 345
347 796
808 659
122 583
153 268
750 930
700 209
80 189
609 13
16 963
678 831
253 215
804 200
598 656
945 791
811 94
968 312
867 197
257 252
387 912
994 474
812 142
304 234
110 800
432 123
735 991
486 641
298 186
237 668
542 11
281 868
673 634
786 730
636 670
268 946
67 49
696 504
343 74
633 454
149 481
741 946
205 703
23 404
636 530
331 203
947 150
991 231
876 909
582 565
13 462
230 621
256 605
270 191
839 145
592 113
888 129
757 670
574 938
113 756
64 148
70 667
884 895
926 44
105 933
782 350
681 792
204 83
725 884
520 379
541 142
557 244
564 692
972 830
543 721
728 173
865 297
478 904
296 894
800 833
147 957
306 695
942 230
199 903
317 193
849 908
821 219
346 863
976 324
66 837
595 447
104 919
389 425
409 839
151 692
633 186
62 702
620 948
71 730
537 618
98 657
572 116
842 115
913 100
900 806
722 567
526 735
531 567
333 495
157 626
417 163
845 531
928 513
513 684
662 615
376 565
685 132
919 267
30 800
21 653
958 910
753 783
472 295
641 299
910 136
514 516
756 17
321 913
659 342
499 657
290 895
407 652
74 565
382 604
891 304
184 23
313 475
617 753
763 406
51 162
916 816
964 482
37 511
672 172
770 210
188 728
172 562
878 365
846 798
159 426
52 311
262 243
209 255
971 795
654 839
571 573
687 121
14 121
743 672
249 290
15 661
692 806
59 511
571 129
969 917
847 833
580 194
892 461
694 513
486 320
149 409
940 902
146 871
898 763
859 16
838 813
738 538
597 186
633 116
912 634
702 815
790 774
851 871
775 232
186 32
565 998
42 998
150 755
885 287
470 431
727 399
339 28
245 549
26 692
486 557
323 523
83 283
271 141
918 349
841 529
174 423
123 739
390 116
678 337
102 94
711 824
814 655
663 77
824 211
816 964
176 11
336 889
289 793
683 124
175 798
61 453
668 91
269 472
376 619
223 326
30 522
827 619
376 901
835 24
439 515
852 24
234 582
555 279
206 181
767 276
355 939
860 107
723 725
24 69
659 824
637 905
64 565
373 185
509 286
691 352
438 503
901 401
462 155
461 418
962 949
977 589
262 390
976 111
156 163
274 397
897 231
80 686
335 498
90 55
629 205
900 934
607 348
210 928
199 306
896 831
200 358
779 337
623 832
939 252
21 198
522 627
378 215
972 884
905 48
592 745
807 795
690 329
681 918
858 295
868 159
326 719
491 638
691 546
446 190
645 796
715 313
125 107
671 580
741 517
743 359
627 171
983 645
689 908
332 416
932 679
32 204
156 208
501 801
854 494
755 265
316 240
699 485
331 757
697 372
842 28
837 953
206 407
372 465
587 675
395 237
338 46
655 807
643 570
570 68
311 764
633 939
435 29
462 121
200 820
504 283
14 824
890 610
32 360
367 924
723 915
121 301
75 825
753 182
999 616
482 268
447 25
305 429
391 179
617 882
702 571
857 384
108 146
278 860
844 119
68 969
835 231
342 854
417 122
70 844
93 896
74 119
785 579
794 592
655 930
823 771
223 583
86 566
442 978
139 490
812 927
703 361
180 560
91 265
490 904
148 465
142 184
130 496
245 30
312 797
426 10
540 660
269 110
347 103
633 814
837 367
285 279
773 946
55 863
289 753
37 558
249 803
515 236
882 310
117 650
789 224
346 130
674 729
388 702
918 783
210 337
897 579
923 567
732 883
373 981
736 520
908 759
994 290
27 305
198 562
982 45
332 776
934 668
966 194
820 91
717 100
53 971
480 616
328 659
713 736
710 936
206 261
421 266
405 799
337 752
663 65
855 789
865 779
444 570
470 366
751 143
676 905
11 874
436 535
615 417
26 584
10 183
673 358
890 219
721 626
648 554
716 253
500 84
18 741
502 398
938 346
767 125
422 731
89 342
251 571
392 351
468 487
176 523
257 624
473 381
920 420
614 218
518 549
33 979
903 332
291 765
544 227
436 931
849 691
59 210
27 752
417 26
128 853
712 207
113 672
842 114
123 401
843 489
285 521
837 675
517 497
840 687
97 480
891 898
106 244
54 224
298 367
216 41
992 633
872 604
182 964
386 109
308 906
38 72
296 350
629 947
252 860
924 383
713 239
608 822
385 197
379 460
41 365
305 795
449 380
993 299
549 727
279 584
332 540
187 295
770 276
187 395
106 120
245 389
320 843
32 546
329 998
388 329
335 205
898 623
313 411
667 880
554 379
428 932
590 488
607 561
338 482
641 354
49 80
457 327
541 354
139 700
549 960
78 727
892 814
860 436
360 865
990 811
535 521
556 13
633 980
163 857
242 720
412 864
556 473
775 560
935 440
265 437
196 987
920 100
695 103
654 492
396 902
288 77
180 767
564 902
406 832
536 151
706 669
929 173
35 117
353 722
56 724
907 380
106 235
750 354
781 377
636 160
422 793
308 530
230 245
719 872
729 748
962 704
891 114
180 722
111 55
243 655
121 374
844 366
529 493
164 82
309 131
98 588
263 634
302 793
231 364
877 413
597 359
482 963
181 334
549 537
853 561
100 857
193 257
165 459
785 473
763 460
850 298
375 819
901 533
339 616
12 755
971 797
740 18
585 476
851 756
430 678
795 925
350 618
229 185
214 989
428 485
268 143
577 712
954 446
40 68
202 664
779 811
426 282
46 998
316 345
419 945
671 677
437 594
544 326
753 148
444 96
513 997
32 266
812 225
835 174
583 251
844 630
744 179
373 627
581 604
203 325
531 632
620 899
360 816
408 27
389 709
129 509
886 883
653 588
754 684
58 313
201 554
57 135
54 333
637 832
897 938
444 187
308 258
814 663
88 935
417 49
264 109
863 811
86 761
493 743
323 386
828 450
281 119
39 356
525 297
807 32
130 458
806 415
719 823
169 624
677 249
888 304
518 172
663 776
337 66
491 296
423 413
875 757
182 111
273 569
794 336
329 673
332 87
994 620
679 108
283 269
382 726
736 630
720 621
824 221
508 900
325 696
226 295
821 76
402 245
93 940
711 486
744 166
257 611
446 747
500 68
499 331
274 833
407 910
458 929
950 848
547 516
43 555
988 683
790 437
330 210
688 368
266 48
543 476
69 548
190 562
676 259
858 462
390 206
979 849
421 521
177 167
466 98
260 995
972 568
704 502
380 717
180 502
367 858
99 114
121 77
730 746
903 543
469 478
485 895
219 803
223 386
128 214
212 330
820 442
357 632
910 671
208 486
144 722
545 631
329 839
664 202
698 162
274 422
696 284
621 340
704 426
316 376
169 979
486 610
113 674
847 18
654 173
742 218
62 997
264 336
539 211
481 830
998 855
967 966
63 255
636 504
779 781
403 316
205 483
495 315
83 862
919 951
699 252
835 859
287 172
858 848
346 753
213 260
579 843
600 488
395 800
463 716
39 33
718 404
455 203
693 819
26 490
249 639
383 101
551 296
390 644
465 790
840 397
801 756
488 737
29 318
455 12
567 592
345 374
510 431
18 375
646 27
255 916
186 20
70 761
658 445
484 633
126 298
343 356
490 429
490 113
995 565
557 667
400 198
311 933
205 629
11 929
214 760
728 80
729 590
916 453
42 679
504 222
262 368
548 411
455 681
451 650
184 663
790 132
942 243
863 553
114 674
748 602
267 266
639 60
248 880
325 333
545 400
964 312
914 624
395 587
430 383
774 741
279 171
995 130
662 42
726 81
619 855
311 21
278 89
144 937
622 179
708 385
284 758
771 708
238 252
580 974
638 106
379 183
785 51
439 739
915 102
433 923
865 646
76 641
206 275
484 206
332 385
832 330
369 563
526 366
278 557
399 101
53 101
740 207
657 99
728 907
152 128
334 185
374 306
206 832
460 554
816 634
351 145
182 761
93 884
548 544
405 550
819 858
234 794
976 79
288 279
146 285
640 849
611 411
744 296
284 890
347 671
566 63
664 452
708 626
885 673
726 440
461 699
662 339
44 116
974 50
972 45
342 257
752 981
648 438
19 967
477 328
753 696
706 650
743 530
381 474
602 256
366 232
838 67
897 985
121 993
851 176
619 134
983 708
404 631
22 673
136 165
397 905
203 965
894 514
224 741
481 80
429 687
257 136
815 768
212 447
240 622
981 886
822 139
83 140
327 66
373 331
644 573
941 128
298 456
802 163
957 949
893 169
737 680
743 279
759 482
438 127
467 649
606 255
566 78
119 484
263 253
926 36
698 762
726 712
902 642
939 201
318 645
880 252
569 840
378 617
511 803
657 955
998 938
469 661
599 634
655 960
885 601
89 563
441 114
913 520
925 482
766 950
411 457
888 572
44 959
355 946
729 409
861 888
466 858
955 753
542 574
90 674
132 126
458 941
602 739
352 92
746 538
901 94
814 300
100 701
713 334
10 557
955 375
869 100
715 864
632 489
645 405
324 72
381 789
33 10
296 395
764 759
766 696
654 871
62 866
608 279
485 645
242 589
320 39
298 54
132 985
523 102
410 695
979 973
405 503
834 232
841 366
273 569
621 901
702 796
251 772
451 476
427 491
499 528
514 584
389 816
368 194
61 57
29 781
746 797
652 922
526 270
153 503
223 175
24 550
828 110
888 143
111 833
153 223
62 634
781 298
626 771
634 391
999 907
680 201
577 686
21 779
257 574
329 586
360 631
460 759
528 750
552 694
755 35
205 14
496 698
939 307
722 161
619 194
408 539
11 143
588 923
898 211
554 846
869 246
564 498
89 331
372 367
904 623
152 921
404 388
821 90
976 897
814 492
293 973
230 50
879 778
825 523
187 705
400 434
772 465
467 905
239 497
312 121
868 433
156 248
513 333
306 86
910 538
741 96
167 222
239 250
119 554
416 50
445 773
292 745
776 766
602 649
312 169
35 113
894 175
921 164
285 173
555 351
250 469
655 415
461 890
80 426
389 414
763 696
816 529
613 493
82 868
381 162
391 960
884 468
864 514
445 502
582 80
646 709
921 851
778 844
18 457
483 748
167 13
407 284
705 118
476 200
250 855
655 188
742 78
41 990
672 946
154 721
167 712
889 504
155 374
540 885
144 551
68 85
546 421
95 175
703 78
428 396
949 100
156 378
767 552
532 992
468 859
723 495
750 593
913 472
974 900
551 744
837 93
496 892
242 773
924 123
599 569
793 534
411 714
938 721
88 542
674 977
797 813
991 817
222 361
625 645
406 524
647 765
728 962
906 457
435 81
340 970
995 298
674 747
569 477
40 698
846 894
820 990
450 949
390 581
887 100
943 263
859 754
662 422
884 713
923 672
727 624
801 631
813 221
312 298
780 53
535 258
380 196
55 548
491 787
848 343
186 219
755 456
215 108
850 39
270 502
696 243
714 428
215 204
79 946
582 969
555 403
112 719
664 731
826 943
909 110
543 316
478 275
956 112
789 200
823 216
561 435
477 234
942 619
65 993
314 853
170 93
765 491
150 936
302 579
295 661
309 854
289 246
913 244
261 479
401 793
492 678
625 170
907 423
224 398
583 72
78 724
808 38
159 619
71 918
387 883
490 652
821 788
244 171
481 204
34 50
432 364
180 540
137 908
81 62
681 864
692 647
995 901
125 842
27 149
596 424
215 810
711 818
380 411
379 196
700 153
96 288
742 390
891 185
592 672
681 30
903 826
774 545
677 762
399 313
796 168
355 658
838 195
756 817
807 740
756 159
777 308
675 200
623 850
777 832
91 60
501 614
587 173
455 962
619 394
345 477
32 597
988 927
19 249
321 383
715 71
306 631
206 867
238 322
947 881
791 762
567 458
166 235
349 163
922 471
354 968
87 478
226 933
198 502
60 524
842 916
671 68
600 970
367 184
158 21
192 654
311 323
787 938
78 235
595 134
65 552
774 582
431 483
411 889
924 124
909 181
349 247
728 67
109 603
794 189
82 697
516 683
991 22
422 215
219 150
642 530
858 366
127 843
238 861
866 984
543 364
285 645
167 311
438 570
525 430
479 162
136 95
56 421
965 604
404 511
441 750
426 801
799 931
959 424
84 493
683 295
287 764
541 605
354 774
27 389
977 58
875 850
583 735
210 541
623 853
455 934
299 280
322 73
980 892
107 963
873 233
57 365
490 78
331 54
898 974
92 907
681 352
841 551
852 756
695 69
633 612
135 45
456 71
548 432
423 762
44 639
770 343
658 533
329 814
407 203
287 842
658 482
997 715
689 201
426 268
991 374
586 538
416 193
137 641
542 993
807 161
943 415
341 64
657 368
707 119
504 341
710 673
476 312
962 251
849 984
426 68
724 775
613 154
399 569
190 64
328 999
526 412
997 617
725 364
838 852
319 566
846 412
651 929
607 816
532 403
606 898
280 238
803 937
443 611
759 458
111 873
696 65
149 720
409 61
917 611
61 802
366 684
725 789
86 126
165 761
122 817
404 611
372 505
773 803
468 60
226 754
632 811
115 598
331 760
922 611
146 117
549 28
493 566
605 19
62 768
967 719
743 495
892 638
439 727
122 115
865 468
298 421
682 863
63 526
71 196
115 979
992 586
779 678
225 997
90 248
671 244
120 153
804 153
288 327
326 113
663 528
484 952
459 305
26 363
913 467
964 751
453 751
74 423
312 580
195 822
723 828
425 746
646 234
994 140
904 15
146 850
813 373
375 217
854 324
557 155
599 826
664 708
406 689
232 431
517 817
426 941
699 231
942 406
187 374
554 600
720 316
655 927
37 736
182 305
586 807
907 475
356 964
648 23
464 331
521 236
619 662
115 371
307 381
853 164
21 352
493 556
860 857
774 165
415 933
567 947
568 671
757 986
149 655
321 858
134 827
766 842
339 979
987 822
110 666
123 156
70 200
760 588
443 836
475 631
936 825
216 764
991 339
820 460
460 359
910 550
266 449
39 705
601 161
454 326
533 184
999 850
537 197
517 725
107 412
955 413
84 647
623 850
333 155
751 385
949 145
402 610
432 752
180 228
351 71
878 172
880 587
792 219
825 353
115 283
948 837
862 158
984 60
206 204
606 105
674 890
415 30
838 157
85 795
646 436
142 949
189 681
792 585
821 87
978 445
122 678
920 179
359 410
116 52
122 21
42 55
322 844
608 367
692 870
501 418
222 388
78 89
490 627
413 459
753 38
989 901
165 126
757 373
204 573
774 84
703 170
90 783
736 745
838 415
412 744
218 876
820 305
578 280
407 718
743 903
539 296
939 118
867 454
770 422
759 367
261 83
961 932
397 401
909 146
192 810
849 655
850 329
212 879
732 263
206 718
749 906
800 779
599 492
807 828
947 959
840 607
389 457
937 502
34 856
175 161
508 654
810 836
121 708
430 56
78 976
30 469
828 834
54 189
197 264
641 939
78 723
845 44
959 700
188 930
968 824
36 471
871 593
642 217
619 323
829 405
417 623
543 685
49 540
463 522
148 252
678 816
457 355
16 36
78 33
636 375
68 768
928 289
410 454
828 797
798 56
133 549
396 913
145 700
524 303
860 780
891 985
212 42
214 58
952 851
761 729
761 876
114 487
393 814
529 614
249 38
747 228
969 218
696 43
316 49
438 639
867 463
814 175
865 441
264 535
524 88
642 406
202 367
338 555
820 895
886 187
87 544
281 993
128 599
250 601
853 474
567 392
895 229
912 285
462 696
656 970
38 349
76 925
817 992
372 393
547 248
811 456
14 521
35 873
777 298
415 371
548 243
712 726
187 719
35 688
258 991
425 873
768 503
404 738
71 198
182 362
211 354
979 355
876 380
346 735
317 324
72 492
717 660
595 610
228 180
916 502
146 438
60 821
996 144
850 484
147 441
639 752
442 300
982 752
146 992
960 422
726 821
18 222
585 689
86 349
356 636
75 385
499 274
844 974
727 681
655 739
102 679
565 97
275 401
956 159
58 388
768 682
86 924
481 310
17 513
746 410
896 47
868 295
636 634
946 56
908 261
129 423
402 821
664 169
603 151
232 107
320 384
668 581
629 213
666 279
439 409
486 408
886 650
663 939
862 330
282 642
315 152
914 886
447 416
261 247
268 391
114 827
802 781
568 149
686 237
67 850
515 676
975 697
720 736
568 917
712 145
324 357
681 173
957 119
85 587
425 460
433 82
879 874
513 631
185 195
518 283
449 153
430 869
747 357
965 270
700 143
484 102
234 770
981 815
947 106
909 277
760 114
926 30
72 957
541 630
695 44
936 574
964 662
234 59
831 126
622 160
120 147
656 216
867 186
722 289
219 296
406 134
326 369
616 542
506 284
424 569
734 142
454 881
868 535
865 292
375 380
332 858
856 423
118 555
970 808
587 390
72 87
653 593
220 967
100 669
60 47
875 44
348 810
65 502
960 432
498 982
343 407
172 904
387 554
573 648
895 30
175 816
821 871
305 882
265 275
332 812
366 750
829 268
259 88
821 657
932 902
41 55
866 216
89 611
623 640
671 443
792 144
661 478
330 155
883 50
973 811
190 870
623 820
772 779
984 577
33 821
556 546
143 128
947 255
375 917
232 158
425 725
617 855
591 971
111 649
915 367
514 683
552 70
851 708
837 351
944 693
934 928
790 657
713 376
741 289
610 691
531 214
626 253
223 135
62 585
67 26
964 982
897 85
743 161
188 608
325 996
326 165
611 239
100 582
709 55
899 177
982 97
370 76
162 118
579 565
409 287
52 49
783 689
438 663
838 301
338 199
52 688
139 262
598 668
807 222
844 939
647 952
112 362
161 423
230 449
688 208
183 26
220 993
264 264
565 59
772 233
267 184
291 24
288 793
428 152
626 800
718 114
408 366
182 177
602 978
58 883
962 212
369 270
501 704
444 114
591 54
784 276
578 379
829 906
206 353
397 496
818 721
881 255
265 180
87 239
631 588
811 634
868 613
197 527
729 277
665 657
69 72
411 784
766 229
813 925
154 915
972 326
171 354
135 725
259 669
977 993
588 929
997 135
763 792
710 111
881 789
298 122
976 523
944 354
393 524
37 676
613 11
512 321
144 541
921 508
193 803
782 498
411 158
374 857
787 167
626 981
298 50
201 394
656 138
117 144
643 153
788 263
550 702
149 777
270 445
955 15
868 942
275 522
932 749
737 760
41 40
910 626
876 764
679 309
356 585
126 236
952 187
952 392
802 757
830 614
558 444
65 431
790 665
472 998
375 146
905 177
916 422
818 663
465 738
80 875
78 528
439 273
290 621
92 149
992 429
322 131
223 691
171 817
697 327
798 321
59 298
998 952
97 938
540 614
960 776
878 173
576 531
573 413
265 521
583 301
251 216
707 534
694 58
201 659
347 703
323 595
551 697
877 468
708 54
477 556
276 525
736 596
162 547
556 186
675 476
64 365
131 791
11 103
666 645
344 687
765 797
876 381
483 24
336 525
376 200
485 345
888 883
380 156
542 390
452 691
230 515
162 184
19 659
421 365
908 685
565 886
273 187
886 584
224 207
523 920
783 442
665 428
440 17
962 290
592 596
156 566
119 850
484 306
555 979
791 418
337 730
910 349
263 615
612 269
983 941
323 561
795 153
105 384
108 216
118 996
943 299
691 202
493 600
367 170
472 744
751 821
52 762
892 780
570 354
440 153
372 320
575 836
715 979
615 942
952 21
741 72
848 526
406 761
954 870
673 82
478 566
300 908
756 620
200 430
154 900
92 296
536 401
317 658
509 851
799 506
950 297
805 698
678 130
24 284
583 194
723 488
273 721
755 776
964 721
47 406
874 898
582 776
787 103
476 866
714 969
128 438
776 704
491 37
858 911
385 703
942 107
858 521
135 350
401 26
756 836
891 367
962 318
772 501
264 834
604 785
338 864
202 958
377 915
616 696
311 589
396 230
853 75
979 922
362 924
441 729
48 135
772 267
267 221
959 375
797 83
871 601
436 446
770 664
202 828
561 196
261 100
226 534
354 796
162 184
681 173
446 421
91 404
88 970
775 506
231 747
982 366
964 501
900 337
669 139
112 649
467 140
61 647
727 492
10 671
357 422
55 127
844 858
585 368
292 569
441 894
332 337
360 728
556 850
942 640
374 163
923 669
786 726
45 815
472 263
809 329
836 272
846 811
54 651
221 633
25 115
66 777
322 85
655 54
332 683
893 12
866 824
994 399
417 177
538 255
635 200
682 313
773 410
563 487
805 577
948 414
641 247
266 54
33 283
885 719
863 583
272 990
298 345
624 434
133 547
590 14
61 499
446 809
340 525
280 179
43 637
624 657
668 902
60 698
906 524
536 655
331 675
667 466
136 586
635 753
310 879
467 261
953 514
93 251
342 911
721 799
460 956
807 632
659 410
480 918
29 766
487 281
51 655
955 921
169 506
124 125
993 400
286 157
605 878
959 724
201 786
197 113
275 846
144 283
545 688
309 668
486 868
337 795
725 957
898 57
876 14
520 419
985 523
466 32
530 596
795 555
59 817
230 774
323 861
213 805
807 175
553 90
100 341
327 604
720 849
979 296
420 539
439 936
832 490
895 303
395 939
298 158
255 997
750 332
829 444
206 765
69 216
383 964
344 315
799 398
191 687
446 491
649 724
840 540
304 595
645 629
289 874
206 103
323 788
855 114
67 106
366 175
970 821
805 718
701 120
436 30
110 708
486 786
544 70
94 530
519 134
634 71
213 597
234 115
841 15
734 54
604 157
413 565
172 901
787 873
821 149
580 492
229 465
583 674
441 413
584 517
388 13
416 543
478 545
661 398
272 640
208 477
849 975
722 707
273 956
614 764
725 953
967 556
857 505
324 763
741 383
338 934
96 909
610 195
557 605
633 809
209 522
936 79
382 983
64 380
365 338
498 347
79 571
177 359
473 495
142 539
721 878
531 683
205 940
103 583
799 522
138 445
555 263
325 436
369 604
784 483
394 594
142 205
689 737
786 212
203 647
697 67
472 382
686 627
748 397
847 939
616 390
275 679
639 336
774 590
369 461
821 459
12 347
552 782
485 717
901 284
60 76
759 725
840 548
579 993
469 742
823 694
404 908
995 802
820 195
63 486
460 941
922 827
801 435
356 926
852 34
378 259
271 684
996 56
365 213
650 355
637 831
327 446
815 877
986 750
631 968
619 153
367 629
329 486
190 252
351 494
308 370
957 67
920 990
662 283
945 250
460 488
701 802
630 164
160 155
486 80
26 41
633 784
871 826
929 131
706 807
404 279
488 823
68 96
480 925
220 255
586 506
686 983
755 918
826 541
166 642
807 759
498 784
217 488
759 427
741 485
179 267
64 445
471 727
670 252
98 404
284 351
664 250
666 456
250 489
801 683
712 196
704 118
649 310
185 307
581 612
363 343
878 548
765 611
608 688
640 906
716 782
877 167
540 214
731 367
49 632
532 451
983 814
656 553
92 889
343 774
727 93
554 452
467 625
40 560
617 726
635 110
949 771
865 470
158 255
464 899
621 90
966 191
544 805
149 565
70 611
235 438
219 619
721 461
506 687
352 258
680 868
72 335
172 824
250 747
795 811
929 11
590 422
681 892
796 327
879 228
984 228
456 32
580 854
814 608
698 230
923 14
47 996
214 599
837 292
400 398
839 448
126 768
624 577
954 865
921 266
430 695
501 587
930 297
219 950
161 713
442 254
22 50
948 424
18 180
595 479
917 421
521 879
888 177
115 220
249 432
494 689
453 992
142 406
692 73
494 778
11 209
469 153
513 978
533 157
530 910
171 517
738 715
381 757
169 568
834 333
700 397
203 672
936 576
504 53
881 328
53 48
768 990
913 315
941 537
375 230
456 682
192 334
607 26
660 701
485 769
641 114
410 428
223 829
361 447
504 418
995 777
151 50
613 495
605 899
793 201
102 791
337 884
298 235
92 877
159 924
631 184
838 825
982 941
715 757
335 434
381 502
22 577
522 848
740 192
870 551
237 878
612 691
159 312
558 294
766 835
863 307
301 107
382 186
894 46
476 707
683 314
990 186
80 254
808 885
261 713
630 883
315 470
229 182
314 571
289 860
706 928
639 792
84 653
184 887
873 78
774 709
20 460
867 977
982 916
647 925
237 222
147 600
680 53
383 262
444 128
809 822
460 490
378 367
487 635
760 443
914 524
328 192
925 691
169 834
78 661
842 585
537 297
877 683
729 754
153 517
91 593
839 76
974 316
155 325
609 80
971 559
459 819
652 466
77 203
600 266
69 496
174 461
883 350
390 265
253 307
236 930
533 569
802 437
679 640
860 800
626 266
643 665
308 634
514 389
407 197
822 209
213 666
815 274
668 83
267 820
773 99
114 865
644 461
801 39
109 868
471 134
735 131
487 533
349 821
972 855
178 870
18 337
689 980
825 637
75 799
934 501
441 479
296 801
417 538
291 357
531 932
351 935
680 959
990 197
220 166
862 391
752 534
351 989
389 409
842 634
745 231
57 199
525 569
710 598
100 612
101 778
990 456
338 939
775 906
406 965
27 722
57 650
864 148
489 248
568 803
140 463
927 111
518 703
654 133
670 334
310 271
32 636
340 222
645 877
924 659
376 874
631 721
924 163
467 946
391 764
307 747
993 905
210 17
521 345
567 575
328 169
785 965
868 524
722 374
551 256
148 584
713 815
369 862
155 254
30 559
932 62
890 153
638 252
416 91
13 439
928 522
856 909
220 618
986 266
380 339
277 943
576 487
231 604
990 580
328 188
698 417
32 301
643 775
712 871
638 63
351 323
544 356
802 957
465 987
681 59
544 74
40 677
662 864
147 694
832 523
469 534
325 42
404 319
742 502
100 963
688 26
791 869
861 76
686 40
75 841
371 443
749 659
370 790
765 190
824 218
106 679
98 252
64 421
22 996
869 816
706 442
739 540
155 335
404 275
899 76
45 899
649 446
137 88
782 830
949 277
37 224
953 455
976 127
896 769
201 284
296 160
507 440
134 88
43 580
707 719
689 795
490 838
401 890
98 947
274 955
608 10
942 416
84 315
927 770
466 877
623 187
483 30
951 71
172 833
863 286
712 100
263 173
821 524
770 379
295 955
518 15
992 947
269 405
41 491
749 777
362 175
728 715
798 823
215 615
103 605
201 669
410 608
330 157
16 294
881 222
569 94
220 106
426 464
628 62
642 653
35 612
533 998
719 904
965 486
148 410
455 146
692 34
305 280
971 118
483 25
860 55
885 662
159 612
679 877
232 913
768 206
449 631
329 958
940 641
718 801
68 33
712 553
865 984
410 960
716 341
10 798
249 70
688 704
894 592
545 820
380 873
901 985
925 61
153 353
488 701
759 240
234 645
991 978
139 921
53 76
560 824
754 320
853 125
543 127
575 942
82 501
86 964
30 839
365 702
805 209
484 665
491 919
688 130
115 791
39 494
543 773
438 471
709 426
380 497
317 408
92 686
170 882
939 85
181 206
345 668
564 968
881 171
725 907
570 395
403 203
50 84
750 721
352 596
592 768
888 750
695 753
82 326
632 518
328 800
346 158
653 819
451 775
66 842
494 356
78 126
98 519
217 734
989 649
988 889
78 515
753 240
865 543
114 474
380 280
729 998
336 309
732 528
440 688
55 880
687 804
91 26
617 291
868 231
179 682
437 887
937 532
736 788
976 658
483 133
220 675
716 644
477 401
524 117
541 172
697 168
601 647
795 177
317 194
79 478
405 261
795 975
735 307
163 20
702 111
238 803
226 90
692 967
389 904
851 151
742 21
582 404
749 300
124 876
585 577
545 723
751 488
683 559
286 928
552 345
881 819
631 932
664 406
543 464
437 743
477 771
761 63
579 49
484 256
744 924
331 734
264 905
426 557
777 976
894 156
693 606
747 631
171 760
71 470
989 523
971 57
268 33
388 728
983 539
618 329
682 636
739 198
655 544
878 457
784 69
887 311
270 812
592 355
781 918
913 385
819 618
316 674
783 987
546 426
185 104
523 788
442 945
330 582
865 285
168 414
347 595
44 745
696 57
906 204
19 700
485 423
536 740
156 313
66 27
528 242
665 595
695 157
588 325
326 43
93 983
843 722
218 658
173 517
320 277
414 518
571 92
797 755
771 969
668 578
876 129
827 589
548 958
125 487
449 644
30 53
921 269
325 737
269 879
877 804
189 172
824 945
884 520
114 228
760 510
404 800
597 78
536 863
232 757
591 735
495 130
69 140
123 977
598 890
931 819
280 635
685 132
82 293
592 295
860 425
244 52
628 507
194 333
686 972
273 353
353 973
218 98
858 291
393 691
184 258
656 995
186 64
234 683
302 872
961 170
681 763
605 224
275 675
410 132
812 159
387 170
753 613
112 876
533 117
595 321
24 442
606 700
730 968
12 813
666 281
493 11
885 972
621 59
854 147
483 547
606 769
905 73
781 531
603 83
560 379
493 154
931 658
886 727
303 296
303 851
257 74
177 573
636 12
493 665
973 829
313 601
168 311
896 539
246 288
647 117
593 979
507 643
196 454
411 290
628 618
153 292
790 994
459 297
285 410
874 865
938 186
972 802
316 960
639 57
543 582
204 759
775 188
173 622
851 856
240 806
388 162
619 250
246 525
31 433
789 258
413 793
510 813
832 742
833 421
920 49
201 236
413 719
344 319
248 655
840 59
483 419
584 865
802 818
484 121
942 309
729 982
773 24
43 347
839 925
326 404
970 515
234 483
51 290
980 226
467 528
879 44
46 418
146 791
542 844
880 598
476 584
505 880
429 31
571 689
915 581
644 815
517 153
824 967
612 812
548 41
571 541
752 380
197 783
151 574
86 531
186 897
969 245
610 283
112 514
993 64
423 755
416 727
635 339
183 399
246 562
799 89
502 574
15 487
508 40
351 854
205 537
478 422
329 71
223 870
393 772
686 433
251 932
826 922
873 952
417 164
531 761
145 156
887 421
407 199
273 312
894 386
831 907
539 818
63 187
314 163
14 388
722 691
219 960
855 907
735 555
751 804
158 666
185 719
573 767
114 377
701 519
869 323
877 502
288 965
496 687
108 866
681 472
981 467
144 751
416 652
704 869
622 298
901 139
305 558
101 506
557 976
130 513
598 379
116 187
942 901
353 395
552 987
745 742
875 231
329 392
48 483
572 517
111 520
241 871
24 78
599 680
34 362
75 412
268 765
961 485
759 173
309 740
499 355
136 143
345 166
670 326
317 434
10 274
23 227
749 149
25 116
307 222
408 132
773 692
373 82
496 153
372 238
418 834
993 174
595 898
714 447
269 744
381 91
11 253
665 594
974 891
441 535
90 949
71 135
790 936
778 865
480 295
290 770
944 424
316 831
671 285
481 207
451 974
587 803
636 884
83 542
949 982
150 232
270 171
900 107
428 116
899 803
450 866
609 659
754 656
666 473
124 835
135 915
376 308
467 328
891 224
873 867
691 366
675 897
128 89
277 995
468 904
324 169
485 148
116 98
134 11
185 59
996 345
30 539
724 798
639 117
148 854
681 649
736 645
503 683
96 223
552 190
597 727
651 860
799 704
100 955
531 385
419 893
64 342
765 580
998 242
973 876
319 687
402 998
566 116
970 500
788 92
222 374
845 672
167 350
805 81
454 634
222 238
468 508
299 800
678 994
744 580
811 101
850 215
276 929
394 828
836 979
87 808
219 652
802 15
630 888
983 610
672 955
305 445
598 962
25 337
342 567
631 525
174 96
763 266
245 722
589 398
954 52
54 674
768 419
257 138
137 590
530 840
925 850
51 175
366 801
915 442
261 947
44 686
925 16
184 731
699 468
697 859
726 826
296 368
999 515
81 923
91 717
675 182
84 594
409 458
129 678
228 777
678 288
869 723
940 791
235 808
737 807
436 178
438 120
136 209
406 554
93 553
788 72
846 383
274 697
62 338
179 37
399 267
735 276
345 320
595 363
329 632
287 276
930 680
726 759
79 461
258 375
26 36
665 803
367 613
737 125
422 105
202 97
920 821
709 653
590 830
204 605
78 218
131 729
894 348
443 462
385 412
851 650
308 468
160 250
918 213
110 656
139 978
689 28
422 791
124 252
642 823
201 920
555 436
33 941
57 470
694 652
386 291
308 380
538 577
483 402
419 888
172 123
107 318
419 662
86 199
362 746
476 75
355 595
613 805
776 700
380 128
463 107
446 375
579 352
549 622
68 598
767 694
561 479
312 346
454 675
527 862
670 672
712 392
109 464
74 582
428 522
398 126
365 878
520 796
601 757
979 41
164 802
70 252
785 248
314 307
492 617
512 794
643 896
616 258
346 136
441 973
200 572
454 742
797 620
496 99
708 137
747 159
530 986
243 531
366 582
944 298
994 824
216 387
379 594
885 517
710 743
738 321
73 785
911 999
381 451
960 252
293 970
500 491
499 619
938 204
369 403
616 559
737 81
399 41
99 56
280 513
159 425
128 211
132 373
846 517
108 168
898 269
468 582
901 765
168 730
317 434
166 617
572 835
902 755
418 637
802 895
275 867
837 662
795 728
882 842
405 44
671 658
591 88
104 533
534 744
867 54
967 373
722 986
927 183
980 514
523 675
688 466
119 851
359 575
829 788
297 309
10 588
330 306
826 823
430 58
266 278
248 696
757 829
692 844
25 275
912 597
617 851
302 631
789 861
25 417
221 130
542 366
63 156
364 179
866 741
13 288
461 709
938 432
758 507
236 530
427 223
592 664
548 850
487 315
396 143
408 960
827 892
774 169
28 30
182 625
842 881
959 653
397 123
543 186
714 979
76 248
319 786
999 370
260 962
956 652
888 203
422 611
341 442
120 309
905 216
471 531
456 55
429 276
12 743
999 160
912 256
994 730
438 255
717 590
900 710
960 496
188 542
146 189
264 237
147 775
17 405
449 899
945 678
732 509
276 526
585 264
69 596
493 842
626 738
243 821
405 154
857 479
917 915
566 812
677 712
993 299
532 634
95 169
859 625
735 386
401 311
838 571
279 109
756 279
458 882
668 159
408 883
761 572
629 618
111 617
828 987
470 252
416 668
108 769
849 343
606 702
430 779
272 103
919 558
631 203
774 580
375 11
299 764
393 840
872 863
245 969
412 175
536 66
479 829
656 985
380 479
286 681
479 475
557 392
369 764
733 345
966 433
633 287
56 399
722 459
955 470
585 78
944 474
87 816
172 49
966 594
481 356
38 227
903 81
33 824
418 79
128 701
141 529
367 956
866 536
243 159
742 176
922 115
258 241
729 897
421 211
883 544
194 512
223 66
930 815
309 73
506 629
134 768
612 969
88 369
106 869
970 731
583 307
822 640
132 232
645 41
769 825
507 618
548 371
914 839
205 417
244 43
80 375
51 837
172 445
272 79
364 330
75 746
735 718
899 932
56 486
947 452
497 147
142 136
432 643
519 68
652 956
18 385
817 705
704 780
11 226
960 725
895 550
880 845
519 267
840 162
646 988
706 108
697 152
949 542
571 492
849 251
523 727
626 76
284 911
440 447
856 342
456 420
823 971
570 131
216 510
347 564
77 165
938 696
430 162
190 673
362 288
728 629
222 855
391 158
628 242
61 299
617 171
727 81
35 240
926 165
122 886
998 636
840 918
879 206
310 607
528 226
562 33
160 820
965 330
972 965
285 152
996 619
68 289
147 840
929 543
806 898
571 456
546 814
783 983
939 524
378 174
985 393
34 926
775 773
881 125
539 97
127 35
998 199
447 11
258 25
266 962
593 161
103 866
887 82
194 10
469 331
88 263
344 25
655 951
663 451
39 865
808 341
313 597
993 86
898 113
998 729
445 437
517 450
655 422
616 211
713 468
425 221
568 352
923 624
888 49
379 533
110 536
698 136
883 904
420 476
463 576
495 455
175 29
455 887
319 979
534 791
88 793
774 221
355 831
253 211
411 81
573 779
487 870
271 51
506 130
614 455
787 33
314 775
498 943
438 794
249 451
583 394
624 143
885 405
707 27
623 646
349 686
179 350
981 469
444 365
513 825
695 324
303 545
11 148
608 967
513 971
660 954
240 11
983 674
83 777
248 454
793 650
889 747
279 633
544 374
924 247
239 598
361 252
78 743
882 590
794 506
459 869
458 382
846 836
32 314
520 771
633 164
12 920
429 456
323 103
315 561
411 381
92 335
454 716
84 224
760 832
101 263
956 911
58 239
826 807
23 547
285 741
227 125
324 695
118 366
479 405
864 826
16 768
512 972
11 933
220 238
62 242
984 993
774 806
19 607
347 541
954 687
320 385
893 545
727 673
760 236
750 992
325 112
638 579
667 940
338 785
338 937
403 942
616 575
417 244
729 838
435 440
521 891
246 166
593 672
329 554
338 103
487 966
344 80
779 470
359 29
392 244
372 687
203 148
36 55
57 776
995 816
467 742
292 662
674 327
927 678
556 250
330 250
997 370
281 229
383 267
194 68
799 530
476 841
149 248
175 247
465 199
62 139
330 77
352 466
566 86
956 628
102 535
521 587
930 562
76 942
928 446
494 73
413 841
975 703
192 268
567 850
770 736
245 364
861 41
850 815
742 299
815 797
411 947
618 16
627 131
763 309
259 893
237 590
431 304
605 659
882 466
711 874
195 543
141 316
389 267
710 704
985 415
318 185
760 205
135 379
170 486
64 937
410 61
432 115
681 357
544 967
480 610
537 166
61 502
352 276
794 621
466 455
79 903
852 286
504 842
222 129
10 419
424 999
872 451
30 340
787 683
549 946
554 653
551 622
464 959
227 704
296 70
742 133
36 49
712 555
322 842
856 87
147 310
698 788
798 718
742 488
660 212
380 649
508 441
576 455
659 771
315 101
766 931
391 635
344 275
900 606
163 105
593 173
385 168
122 480
777 698
108 130
401 665
917 912
918 392
949 958
572 110
32 505
861 550
665 129
41 726
855 973
606 494
851 66
510 277
55 343
201 854
420 308
337 161
767 104
874 716
111 884
405 311
547 304
138 687
746 654
225 255
239 295
141 937
715 663
970 335
232 457
169 12
175 933
593 626
503 576
794 241
920 167
382 210
699 781
701 867
336 948
527 396
206 602
358 359
713 227
215 353
459 372
728 460
237 557
196 471
142 395
60 233
155 849
131 93
472 551
723 553
41 929
310 613
351 750
488 884
266 287
696 302
899 712
978 68
716 822
346 770
30 300
448 547
650 944
567 548
829 38
806 366
872 215
631 233
692 190
591 718
612 620
606 457
671 275
832 677
899 175
671 552
834 886
867 382
362 421
870 685
490 725
569 772
719 55
476 959
46 55
717 943
18 168
267 901
790 804
244 782
323 693
278 914
110 158
581 695
485 937
921 762
825 541
795 90
700 706
611 56
499 539
202 763
623 611
738 18
405 364
927 239
449 874
229 645
236 346
612 277
342 334
426 686
281 435
505 639
792 788
844 340
504 84
541 57
463 604
996 263
921 87
912 47
552 443
392 511
846 554
272 599
34 347
626 328
963 808
474 47
708 265
401 67
383 352
422 685
775 571
653 567
734 711
210 306
69 325
320 42
106 854
282 627
803 281
204 423
862 694
112 159
381 627
152 589
274 103
199 665
670 299
456 377
996 259
121 310
663 94
332 76
28 539
371 623
233 178
990 411
454 793
983 590
384 637
190 100
77 742
892 934
319 625
724 612
645 177
644 762
759 318
800 977
484 175
146 978
687 99
88 736
78 534
208 728
221 57
351 50
96 519
111 421
755 538
494 261
727 732
16 65
48 434
551 60
544 283
921 605
942 688
858 931
819 256
506 616
132 384
281 698
652 60
837 672
158 301
142 264
492 830
705 901
809 330
193 889
892 246
306 290
434 746
139 205
370 560
628 35
937 645
606 13
491 456
453 572
787 405
103 619
749 949
918 109
107 250
947 82
908 307
939 65
599 462
863 226
642 751
934 649
136 473
885 836
893 367
62 137
383 239
292 947
892 230
816 498
407 615
964 571
332 215
867 121
608 194
666 997
336 130
428 583
227 864
499 777
230 878
671 409
389 880
972 76
199 657
721 766
113 247
326 596
376 72
994 985
537 993
269 442
691 355
88 866
554 51
717 399
682 839
183 646
985 812
890 769
623 837
720 356
592 552
775 235
603 874
329 292
598 237
276 216
764 374
945 70
452 879
913 402
283 510
195 972
88 683
540 177
219 604
297 926
947 787
584 698
914 787
499 856
676 83
745 282
214 908
145 817
296 314
668 878
995 97
343 525
129 200
260 890
347 715
823 436
213 637
733 86
481 982
352 651
942 996
953 139
115 808
910 503
285 10
910 614
297 409
197 532
329 505
286 986
650 541
584 834
188 817
272 377
393 459
178 789
781 76
267 723
883 83
914 480
187 28
528 551
46 148
589 317
585 174
576 364
101 757
97 263
74 111
13 90
668 803
179 427
409 811
868 601
110 392
215 339
574 271
600 223
591 389
208 945
831 998
273 637
34 376
50 308
769 255
33 282
727 273
280 769
533 876
398 501
985 236
345 778
521 768
546 227
666 467
257 554
245 233
197 429
926 236
152 472
777 295
759 241
424 31
950 373
134 639
830 748
168 919
295 370
112 738
364 999
836 180
705 331
487 150
264 865
578 914
337 758
930 314
772 492
141 401
621 963
851 184
869 440
804 663
273 747
498 643
40 314
777 260
591 796
598 421
855 107
882 478
69 745
260 628
467 975
738 459
761 267
755 207
906 520
162 901
806 277
860 807
142 787
358 776
278 464
496 853
845 71
333 617
122 850
168 368
324 148
618 440
955 360
705 179
382 194
863 701
98 146
854 829
468 182
513 817
422 319
362 984
173 957
288 523
824 840
394 588
535 543
179 153
480 284
866 610
22 948
40 355
512 392
391 308
790 381
213 553
299 447
879 889
313 176
271 973
927 537
539 27
678 508
96 485
652 144
747 403
197 785
440 519
954 323
532 660
264 607
652 694
874 244
630 775
156 737
583 865
909 916
444 900
581 981
636 634
974 744
331 774
191 817
308 762
371 97
194 300
354 411
271 751
615 728
131 88
892 632
379 549
412 537
416 844
46 765
811 154
559 171
695 807
308 944
459 480
399 296
439 614
798 918
271 802
289 744
254 514
720 963
353 376
167 280
434 459
786 241
565 473
919 405
853 841
656 142
643 37
707 699
300 954
645 532
869 784
140 886
88 929
33 761
846 331
190 423
510 615
969 477
313 547
906 137
545 315
740 171
292 688
23 247
293 720
764 579
176 138
110 848
613 677
42 621
318 687
823 661
660 334
14 508
735 191
572 843
896 275
633 93
98 328
219 151
431 108
428 901
671 477
21 966
247 447
840 89
661 473
648 428
733 429
442 238
193 339
504 293
64 796
778 527
62 417
564 362
988 614
734 717
888 106
869 942
907 929
209 864
732 704
194 385
779 462
425 330
224 257
147 564
796 856
30 842
397 222
737 853
918 656
570 219
194 577
697 441
777 995
704 289
230 231
359 484
457 878
185 282
895 25
832 221
212 294
144 977
944 974
243 286
823 945
32 627
422 627
506 968
226 326
768 796
152 492
17 459
303 553
156 101
931 110
394 161
824 53
633 821
691 596
809 648
779 393
440 940
766 911
110 104
526 634
870 267
886 934
184 133
340 156
597 434
128 219
971 128
682 864
298 528
368 921
695 737
15 809
909 224
543 216
611 960
753 701
201 267
367 861
811 495
266 355
553 477
123 737
468 655
593 204
173 736
800 747
324 333
333 130
935 159
673 162
257 653
456 702
679 981
453 45
869 788
274 69
148 954
996 565
863 147
685 798
862 444
187 558
127 47
696 376
231 320
161 548
437 338
482 612
682 892
628 857
752 30
484 422
868 927
59 706
312 802
712 896
835 813
690 219
968 17
385 375
388 277
464 566
951 639
880 859
917 959
932 963
375 896
735 385
681 342
820 629
823 526
188 448
557 114
64 798
450 780
795 423
564 213
781 106
469 37
451 746
797 798
151 27
326 595
497 859
648 325
703 377
900 886
124 764
358 398
582 221
60 330
590 535
761 486
922 214
485 770
739 983
802 601
791 888
855 328
255 731
69 141
175 160
917 397
144 162
880 88
42 130
870 577
845 888
907 191
592 323
466 707
717 124
988 603
418 699
164 961
783 211
817 863
521 520
147 70
910 829
939 742
188 649
160 457
981 200
988 189
849 744
865 496
295 932
183 329
504 471
154 474
137 61
786 512
873 751
953 127
227 409
631 831
644 198
406 255
342 978
642 216
62 153
849 712
918 596
754 291
561 718
741 210
482 53
700 365
327 878
453 872
238 701
819 32
810 108
296 657
338 508
219 617
253 154
177 420
243 558
501 521
900 940
479 879
758 986
549 333
433 426
645 960
693 719
483 432
23 406
25 675
526 333
320 105
370 512
563 436
174 346
573 114
903 658
408 640
766 266
846 701
381 340
559 903
159 820
350 829
353 260
947 865
155 996
41 342
525 790
625 972
409 246
549 681
358 396
644 67
893 15
523 928
477 301
778 344
80 638
95 568
393 835
534 323
84 405
40 323
43 319
343 739
901 886
360 511
855 420
246 28
521 305
721 628
906 42
546 319
922 972
827 790
391 683
747 111
219 906
176 764
231 440
956 439
550 338
434 648
745 806
852 279
978 668
491 985
248 76
142 829
328 386
220 970
155 418
973 542
766 730
715 220
695 648
398 252
272 625
401 98
992 801
93 508
853 374
250 994
380 54
267 542
12 920
146 586
685 579
20 412
129 132
678 409
218 859
200 712
542 28
692 203
114 322
810 796
37 654
74 784
675 917
733 400
101 216
481 440
685 832
736 371
604 619
824 513
444 201
396 810
809 889
923 225
219 511
766 449
357 472
709 497
459 192
617 915
407 744
157 480
662 312
910 308
147 37
718 726
294 87
585 897
339 838
514 48
350 10
323 462
90 696
696 871
735 212
573 663
308 547
951 283
781 52
487 757
741 108
565 104
662 118
485 742
307 172
612 291
954 54
191 535
354 458
19 196
118 639
67 115
996 774
105 395
634 754
409 296
572 999
899 816
320 576
681 908
229 744
848 161
751 516
11 429
142 86
150 483
897 42
191 62
839 80
474 895
41 891
464 980
593 334
770 155
374 622
691 534
350 336
118 196
359 216
883 737
922 281
233 508
708 768
581 715
872 520
425 724
590 69
362 522
548 32
411 620
662 238
991 91
911 665
954 836
90 216
18 792
977 977
229 16
380 531
276 596
77 35
197 754
263 353
729 987
938 394
793 445
137 174
663 663
634 648
261 111
799 93
277 949
639 229
436 956
255 412
370 119
789 475
668 711
673 507
984 369
33 567
216 511
851 720
309 117
999 983
208 434
656 118
443 209
621 334
791 693
70 763
369 433
693 963
175 140
984 953
791 69
653 517
454 158
717 155
961 932
225 365
201 400
496 368
583 713
577 144
235 579
234 987
434 613
603 319
375 877
500 716
121 608
773 255
94 61
826 645
818 847
965 265
918 437
85 247
617 553
810 35
745 869
912 921
580 483
235 259
244 721
485 574
487 226
692 87
959 99
339 136
790 360
59 823
775 718
403 558
611 209
561 890
443 768
275 668
344 224
262 108
517 990
763 315
917 307
216 299
755 65
865 715
785 844
848 233
254 673
885 675
880 447
950 790
707 924
302 462
419 208
808 963
132 898
133 99
365 412
643 725
775 416
757 826
64 960
342 381
892 805
139 57
641 568
75 866
688 182
916 821
377 85
257 96
124 316
932 673
41 936
935 199
329 141
965 641
143 623
277 761
212 832
720 710
162 431
332 996
763 285
780 591
166 430
536 17
353 464
640 449
495 342
696 930
727 602
423 712
827 771
312 191
33 157
435 800
969 775
623 709
453 699
21 927
145 977
194 433
384 118
238 398
690 423
522 701
127 325
501 984
311 962
380 554
31 697
474 319
700 745
121 568
557 808
249 310
277 471
784 903
398 964
795 120
464 299
70 462
819 294
266 618
60 462
387 94
951 401
625 958
393 91
212 415
960 384
934 132
382 82
421 702
567 878
971 986
524 49
284 722
883 14
773 751
901 877
694 500
629 64
803 232
33 271
288 437
129 189
706 252
364 586
209 890
697 171
855 126
84 122
734 938
332 76
240 607
828 848
491 361
643 911
211 407
489 586
827 930
797 512
220 284
161 950
430 520
46 652
610 358
77 634
873 155
719 619
225 612
476 84
79 814
928 484
663 202
827 47
311 322
15 723
962 501
480 392
888 633
484 85
589 779
988 330
334 964
26 469
877 206
203 64
324 496
404 32
676 32
153 958
882 790
831 635
73 261
135 202
496 498
873 403
715 783
274 324
650 303
178 321
196 355
192 676
42 746
426 907
367 995
577 172
240 120
37 529
374 937
660 590
27 170
993 872
829 193
742 87
622 712
554 191
157 426
960 328
925 486
533 976
884 324
117 841
394 20
654 326
730 252
838 707
548 160
266 935
852 165
859 893
715 570
440 770
367 794
365 521
366 726
623 708
394 443
34 451
414 938
716 843
390 857
581 223
125 887
445 971
212 299
702 808
570 756
340 51
815 406
53 770
353 714
900 370
701 287
376 157
348 933
416 670
870 552
699 765
994 681
479 61
594 553
700 650
139 240
572 83
462 291
171 98
559 684
566 436
464 97
419 210
818 821
513 200
134 168
996 989
706 521
374 569
806 844
311 545
67 987
761 692
630 91
866 671
581 402
469 552
62 286
503 345
948 899
422 27
586 837
839 20
161 806
615 639
949 785
697 426
602 245
225 286
216 126
803 812
176 148
873 971
414 447
319 253
621 271
777 970
566 307
131 304
95 379
226 739
843 597
818 928
697 964
127 756
187 295
675 844
331 518
435 689
991 858
907 315
820 155
708 638
979 81
667 655
732 115
856 950
945 490
316 416
811 554
431 403
432 905
885 953
571 587
378 39
359 773
652 33
366 719
69 122
495 118
186 536
493 620
984 908
140 972
873 151
446 909
155 417
886 589
196 62
619 586
643 293
178 314
760 679
348 287
554 270
66 52
778 183
421 758
875 793
535 209
375 747
862 361
698 991
286 99
412 871
590 424
561 422
367 890
790 661
155 561
621 36
278 344
704 163
623 504
177 756
929 891
393 894
75 723
164 911
910 476
207 596
744 835
871 215
288 664
943 412
535 780
152 139
33 922
587 350
797 624
998 292
127 129
988 259
837 634
206 563
277 313
630 111
302 174
292 242
509 490
602 982
141 578
852 409
850 262
740 877
225 809
481 779
445 22
835 658
443 630
25 284
846 742
855 375
553 746
238 803
454 88
266 136
281 725
715 714
356 312
591 190
965 31
169 146
961 727
444 887
397 503
725 717
621 919
25 872
185 616
775 354
927 505
852 158
421 99
901 160
719 572
942 667
46 79
581 95
285 68
12 325
963 101
426 508
459 251
792 405
217 18
22 235
719 672
37 48
920 97
639 140
45 763
756 531
831 581
102 530
197 673
848 116
270 662
123 805
132 186
691 198
996 526
907 451
334 805
975 187
721 847
888 986
972 391
595 239
486 209
489 828
659 991
474 126
923 331
261 328
702 550
451 122
298 899
404 681
161 546
712 134
873 123
544 534
663 293
202 187
50 152
395 914
594 442
254 431
931 993
389 746
890 632
47 456
548 512
295 258
450 94
496 713
863 302
606 67
395 165
442 747
281 539
934 430
276 663
645 205
636 835
69 940
399 248
236 221
856 71
323 752
727 481
450 926
387 690
117 432
769 744
688 790
84 804
822 152
973 807
903 77
238 636
627 980
672 307
104 269
760 452
440 655
411 614
126 267
375 527
769 172
81 159
377 362
649 160
422 744
823 33
308 183
538 93
437 72
689 444
405 966
217 811
966 989
848 221
122 46
999 965
37 51
83 909
503 942
13 922
693 922
285 299
600 438
251 867
782 897
937 355
858 373
887 36
625 813
15 150
626 790
726 586
166 211
936 632
120 580
15 46
930 52
494 503
708 316
982 41
895 188
139 942
479 318
918 316
281 370
509 636
500 168
46 365
689 772
161 936
789 575
276 948
484 266
652 897
838 748
944 655
860 472
470 73
133 527
658 441
53 265
547 356
229 931
979 917
935 446
617 230
289 636
730 350
722 795
44 317
433 48
150 247
156 158
986 19
751 548
944 154
787 902
13 535
403 926
278 810
352 117
442 540
472 565
96 685
356 31
108 539
640 951
907 816
898 642
41 475
716 529
533 387
184 163
389 703
245 451
281 123
962 450
602 342
198 258
90 84
175 330
261 835
279 895
669 832
330 992
101 412
184 443
607 491
297 250
385 870
933 805
120 295
74 880
206 26
203 354
417 799
531 773
75 721
925 939
759 208
948 546
16 372
358 600
552 145
336 865
869 118
846 476
633 171
492 901
893 278
291 530
534 909
223 159
392 792
94 28
202 410
885 200
940 706
454 704
703 31
908 511
868 699
595 456
408 894
980 324
186 475
368 892
163 825
782 661
946 432
472 829
475 560
631 954
996 347
469 630
599 857
389 713
307 656
79 183
324 211
231 579
809 414
908 40
850 794
997 829
251 94
797 336
540 758
981 61
793 407
189 156
445 328
676 76
644 505
599 315
714 813
665 49
442 548
205 142
934 271
680 156
871 421
847 594
463 344
367 491
80 896
681 974
78 96
149 345
189 287
475 313
634 510
462 114
194 638
758 126
531 784
418 981
695 980
104 502
56 41
517 137
707 781
129 247
494 983
481 650
669 268
198 521
248 167
642 811
65 827
239 52
929 381
681 347
646 339
826 576
974 330
672 237
974 420
150 762
313 54
409 954
270 342
319 306
159 513
459 911
893 367
608 867
791 767
870 896
956 940
214 483
372 914
826 880
969 421
622 186
507 446
687 455
470 738
258 137
12 619
348 802
663 221
201 464
780 545
170 282
504 802
208 317
882 505
340 460
167 851
790 612
605 875
680 288
151 575
538 424
800 828
133 40
869 421
844 405
274 16
852 790
682 199
316 745
366 982
18 45
142 380
351 517
858 26
865 527
483 856
628 556
719 115
778 187
863 179
160 865
236 634
931 572
945 456
136 506
620 891
32 128
805 437
111 680
968 395
719 728
488 684
860 254
435 807
650 173
239 942
312 54
292 887
61 972
517 203
794 146
811 505
40 637
921 401
918 250
256 912
109 633
834 997
54 107
685 541
73 753
658 181
571 953
873 874
275 78
903 186
686 800
979 798
128 364
924 621
690 269
852 362
482 171
982 367
343 42
249 415
677 172
465 280
591 550
523 360
910 323
130 803
251 771
858 176
796 603
984 501
466 713
986 105
778 830
905 121
47 592
673 355
329 173
763 759
309 871
80 622
947 774
716 701
687 610
341 217
48 862
250 952
278 607
181 770
400 624
770 681
280 323
68 461
943 186
259 797
522 694
773 265
499 605
316 613
597 139
184 642
312 310
631 990
257 314
582 183
212 465
150 212
854 85
794 404
835 852
771 323
271 607
981 252
427 466
77 772
114 294
793 86
550 409
418 40
92 666
524 936
925 983
782 896
973 363
317 972
82 290
916 863
808 696
298 644
160 139
141 355
388 411
889 712
467 926
378 277
622 838
12 678
894 541
732 490
942 224
524 121
50 527
584 946
437 173
49 867
493 635
340 646
709 848
54 670
929 477
611 181
938 409
993 879
158 214
494 280
76 526
716 719
476 279
768 900
169 12
220 877
311 606
476 555
112 337
207 231
732 459
870 895
606 360
165 381
947 594
526 990
493 783
292 20
320 977
903 222
43 934
134 216
785 448
481 559
587 490
332 743
257 586
91 862
857 870
939 416
139 485
937 957
887 18
539 770
530 345
626 828
922 387
512 856
134 302
516 943
435 665
274 519
324 915
504 476
357 984
911 507
590 258
364 831
130 454
838 296
798 931
384 451
756 156
465 766
905 825
455 794
945 705
135 233
976 44
30 384
452 905
437 664
586 418
207 733
928 482
793 741
390 363
289 659
30 725
875 221
813 577
775 336
695 962
692 863
553 558
270 774
983 933
686 534
918 52
230 338
362 594
512 431
745 432
879 235
44 824
323 725
392 292
620 869
472 326
601 145
796 70
646 980
285 698
461 566
197 679
661 690
90 216
305 607
497 15
16 436
257 930
26 927
938 850
282 372
587 237
439 528
251 426
959 726
126 647
555 433
718 987
204 220
542 307
390 888
796 422
151 900
851 903
258 212
66 90
201 497
421 816
897 463
302 813
626 305
577 167
162 745
210 683
778 13
842 552
479 551
369 596
495 272
663 744
310 217
208 652
442 40
152 395
544 571
286 931
563 454
290 50
929 293
689 577
643 613
823 302
61 616
45 859
489 768
680 983
103 150
681 713
958 985
85 608
364 265
722 642
19 75
598 342
966 278
434 693
758 144
940 573
74 213
887 340
311 559
884 480
744 693
242 712
945 416
528 710
848 221
234 484
706 630
933 113
773 98
117 940
179 441
16 361
226 819
619 759
564 840
946 431
628 408
694 918
748 245
662 532
858 635
213 336
280 759
648 790
233 56
555 919
564 914
608 785
333 534
629 799
282 231
709 219
721 417
533 521
418 684
298 192
609 848
937 876
991 726
765 343
164 525
506 743
905 539
722 477
187 408
111 593
230 644
751 129
73 940
184 953
952 310
636 934
51 974
159 96
526 491
576 399
710 491
271 934
290 731
367 640
708 22
386 623
332 274
840 901
467 691
53 697
868 442
801 869
945 212
44 566
154 821
977 60
80 738
472 416
231 505
235 321
281 618
87 950
969 214
196 136
782 461
716 654
467 308
503 106
335 708
298 10
708 316
825 955
486 974
415 890
380 216
160 535
266 985
634 484
52 994
790 806
772 378
47 687
336 571
165 824
938 461
965 341
457 928
265 308
397 195
76 621
615 904
728 654
157 653
172 603
884 77
345 921
807 522
434 953
915 467
542 163
438 754
567 24
208 192
963 261
642 283
516 905
746 944
447 771
403 220
256 851
51 803
470 802
877 357
900 266
258 157
620 641
875 981
881 177
253 644
75 209
394 753
95 948
999 16
545 197
306 342
694 838
753 171
42 459
807 10
460 455
994 46
578 991
665 825
683 482
575 726
714 493
850 236
770 714
843 552
990 292
87 572
325 879
255 12
854 49
190 98
960 948
999 112
405 424
560 288
765 819
96 266
162 495
973 292
970 886
724 380
498 247
417 270
211 271
923 235
124 890
506 262
513 649
657 900
561 225
161 760
24 693
537 834
495 859
819 462
893 434
682 226
236 766
812 66
398 137
641 783
213 225
710 578
732 919
829 933
132 905
63 717
892 765
756 965
493 630
391 203
190 926
763 916
753 570
69 762
66 174
780 811
582 220
395 337
289 224
22 396
653 919
634 334
195 663
867 92
266 391
534 365
690 786
61 405
311 635
425 118
889 44
124 93
235 659
507 889
678 985
929 409
248 205
939 830
700 215
962 868
317 141
846 64
133 739
33 491
204 368
915 249
915 308
753 165
89 636
779 931
720 193
90 758
444 247
172 316
480 261
744 196
479 636
606 697
99 46
601 513
579 671
775 461
253 764
576 673
86 748
65 160
857 232
545 121
806 680
805 381
925 320
226 687
595 507
983 603
569 700
128 19
440 40
785 190
101 976
197 151
510 646
900 184
303 359
396 839
596 235
667 864
816 657
24 387
170 721
200 227
74 698
234 623
711 537
395 365
461 393
399 447
417 223
733 894
687 949
499 182
80 479
558 902
910 666
167 865
962 924
330 329
127 624
173 438
921 222
211 867
517 855
173 387
561 900
375 834
278 360
266 11
588 395
42 195
58 495
415 873
833 106
976 710
192 284
857 920
754 727
399 560
159 114
514 350
548 816
197 654
830 360
396 682
723 772
255 545
17 984
785 459
96 957
143 179
145 760
983 375
596 172
751 753
88 496
42 872
309 335
17 664
503 838
706 317
312 455
159 792
702 665
289 124
212 90
909 855
515 623
113 473
687 43
516 545
335 332
341 896
70 131
552 950
354 138
859 529
150 613
873 665
61 933
880 997
627 58
959 238
357 789
813 470
32 952
594 619
21 562
362 956
189 901
511 200
589 14
955 31
811 520
523 926
610 84
975 861
924 385
304 167
161 49
123 157
315 236
457 635
733 687
217 231
634 959
708 907
567 147
150 618
828 198
670 894
903 232
87 592
406 926
809 753
447 156
607 604
527 284
610 617
960 450
864 508
843 111
484 95
371 513
488 580
775 147
294 758
284 350
227 160
587 453
527 944
890 212
96 870
218 184
483 160
116 446
616 533
996 958
485 395
692 496
581 930
292 155
896 973
240 788
344 149
297 678
322 670
401 160
625 779
937 298
120 233
500 234
281 588
830 601
542 127
734 763
881 366
66 621
596 216
258 636
608 561
560 233
302 731
748 856
419 910
740 552
706 202
378 550
530 851
938 340
503 662
603 553
232 772
232 399
203 54
827 847
502 317
901 658
702 157
939 697
95 175
182 938
874 57
34 969
372 410
467 196
107 23
434 644
162 750
434 655
273 899
475 155
241 980
421 964
998 569
343 875
494 575
243 506
220 568
396 115
38 782
800 704
924 681
953 873
828 830
85 605
179 200
548 220
789 750
144 825
471 455
935 143
763 28
921 962
824 465
119 261
563 613
495 637
821 639
166 531
95 678
487 935
960 664
92 329
404 920
335 544
481 986
925 559
427 693
995 633
803 222
337 728
317 525
74 962
621 268
981 716
979 621
748 409
127 52
956 722
940 612
162 320
367 521
691 897
743 492
812 233
897 155
85 930
569 76
331 258
663 418
61 650
922 714
916 90
311 284
424 519
946 246
844 562
606 140
584 348
40 387
664 15
231 47
763 108
866 515
459 951
809 20
402 632
546 550
952 911
552 903
481 360
425 282
528 80
172 140
230 396
880 918
74 635
18 305
30 551
738 797
267 392
50 768
213 828
607 315
665 416
180 940
671 149
281 121
413 959
922 417
504 497
768 530
145 585
305 422
812 450
92 754
228 642
32 464
983 897
783 806
114 529
893 413
986 76
886 451
258 27
856 280
703 598
799 727
741 50
345 147
389 327
738 143
553 93
442 709
409 552
617 191
38 996
445 899
244 549
659 894
261 758
897 112
41 869
811 751
862 573
484 749
316 871
627 949
350 746
474 821
471 529
678 629
453 923
666 15
462 119
544 294
417 841
603 903
167 764
81 454
230 994
745 95
370 130
958 928
364 622
630 176
266 508
234 371
179 196
198 845
899 290
14 151
909 642
162 102
989 797
372 794
817 392
94 248
852 71
770 899
552 882
425 223
115 708
798 896
767 350
419 524
950 92
598 365
610 137
504 92
244 633
964 136
570 91
578 238
298 959
242 397
977 120
380 432
332 449
244 522
515 995
373 292
228 848
271 825
200 751
671 799
536 629
262 134
55 311
292 711
492 580
864 871
907 129
246 96
927 684
330 162
20 35
24 752
198 842
641 796
87 253
657 280
458 873
651 858
29 120
652 527
825 31
899 349
903 893
617 595
372 369
903 87
212 719
136 550
493 109
12 325
320 794
976 178
701 110
957 533
83 361
157 974
335 459
268 858
153 665
265 594
637 606
437 745
482 635
695 626
972 744
544 53
461 267
86 584
216 846
471 397
927 389
383 901
761 629
312 629
15 817
317 671
91 54
720 859
399 427
747 87
618 277
773 31
895 294
610 299
679 947
936 286
852 344
596 32
462 258
453 851
316 29
303 869
804 771
361 161
387 512
603 652
379 552
339 885
267 456
368 214
530 480
992 314
836 89
604 821
720 600
909 244
954 839
122 247
795 907
36 861
801 348
691 706
725 609
725 779
294 960
457 322
76 254
275 435
760 771
28 235
666 378
372 663
494 681
552 606
440 608
180 761
961 31
249 268
971 841
400 750
429 795
676 409
657 44
971 606
204 288
895 106
780 928
278 641
159 133
944 154
356 384
791 905
251 311
266 983
546 683
778 653
623 794
944 579
471 846
435 244
474 59
39 807
314 658
858 873
852 451
926 120
975 244
931 927
811 166
351 847
491 644
903 545
246 917
681 21
523 622
618 90
492 503
974 456
929 369
325 593
775 43
719 689
712 786
514 766
383 942
545 403
210 130
789 838
560 362
427 398
232 911
431 798
407 878
496 710
38 496
903 86
44 518
233 834
542 392
548 529
956 281
897 42
324 938
536 797
646 625
763 934
963 870
251 541
639 287
610 10
369 604
528 898
651 213
92 958
260 910
701 905
905 71
689 907
73 521
152 204
139 90
885 34
655 287
56 781
361 81
901 108
291 276
548 56
612 733
940 538
447 334
862 338
276 307
128 480
855 557
118 711
182 158
308 553
17 855
135 71
620 162
218 446
302 22
241 422
947 953
164 761
317 133
157 124
737 230
951 746
593 311
164 499
928 871
165 507
369 256
39 791
947 565
121 172
664 534
462 547
304 909
882 574
857 132
217 650
569 324
510 789
83 155
503 243
418 555
74 681
131 739
275 192
453 528
990 841
107 195
161 95
924 841
909 554
449 208
474 52
501 980
387 529
839 768
15 69
679 748
381 986
749 259
921 117
749 360
727 168
666 920
521 289
790 105
351 477
258 635
283 510
651 769
470 832
612 515
315 956
298 804
556 861
91 466
799 758
395 525
632 867
886 590
73 247
969 691
126 412
289 89
642 680
169 385
175 83
427 451
483 574
773 415
699 482
17 151
17 749
422 945
421 391
293 655
93 274
269 847
457 649
792 773
599 419
982 769
314 175
548 286
561 427
311 822
912 765
33 712
522 390
873 698
476 457
229 980
305 605
419 127
725 243
440 339
611 257
273 230
41 593
218 913
466 46
327 465
425 249
483 621
12 324
890 185
623 515
182 995
10 732
257 672
192 353
596 920
472 827
969 218
828 522
925 974
866 254
994 670
623 87
389 874
858 906
784 160
695 963
914 266
784 945
857 520
144 255
378 568
497 647
160 965
511 679
769 356
743 239
407 921
543 362
387 104
107 473
289 69
219 605
270 659
620 836
85 328
518 809
182 101
511 604
505 162
888 331
37 520
179 250
709 297
391 367
821 70
260 157
729 546
351 125
72 243
691 589
928 446
882 257
857 583
512 246
939 710
203 796
905 197
877 902
372 884
931 470
659 716
372 893
608 514
804 20
996 565
300 432
272 624
346 475
691 756
68 195
870 519
638 986
630 988
936 936
534 996
495 739
101 241
905 994
866 583
824 918
411 908
493 307
608 67
121 299
14 271
844 598
352 337
844 271
107 338
909 726
579 83
253 623
345 141
701 472
522 613
852 719
766 276
522 79
37 987
612 129
268 419
73 822
652 473
424 34
96 215
618 844
578 282
605 342
39 817
399 669
732 573
528 300
944 252
67 673
150 381
181 277
313 653
671 181
432 179
919 277
207 591
560 125
220 265
26 915
607 760
14 949
688 212
491 136
736 53
949 999
29 195
89 433
939 427
847 897
848 775
923 30
132 474
764 580
556 578
733 516
696 349
326 552
821 448
936 148
26 640
571 753
728 783
568 298
768 103
860 466
175 63
633 96
859 398
566 997
899 947
86 566
246 356
596 722
737 361
829 832
894 358
340 650
842 720
650 663
844 862
465 530
88 758
221 57
288 367
638 380
106 307
996 904
880 338
500 905
484 414
623 552
755 432
703 481
193 35
561 994
514 803
701 498
107 578
623 681
12 849
76 698
373 486
810 921
849 843
603 357
47 402
456 730
762 477
312 534
187 228
632 993
913 575
728 757
662 405
891 33
217 262
290 351
651 185
717 433
38 978
65 176
604 638
508 635
742 861
822 371
312 985
219 312
887 127
541 680
443 608
628 678
149 28
574 648
581 930
54 577
911 407
138 84
