20
0 39 2 45 37 17 47 29 15 24 21 12 7 13 35 14 30 46 38 16
39 0 31 49 15 38 24 10 37 35 7 48 25 9 8 29 22 26 16 47
2 31 0 6 12 45 25 41 40 26 8 47 19 22 3 33 14 30 7 4
45 49 6 0 7 2 45 42 25 43 46 36 5 40 10 38 30 20 18 39
37 15 12 7 0 7 31 13 26 5 10 17 47 25 42 29 9 46 2 28
17 38 45 2 7 0 21 32 37 33 41 34 13 25 8 24 15 49 35 22
47 24 25 45 31 21 0 11 25 21 10 24 26 38 50 40 15 12 41 23
29 10 41 42 13 32 11 0 24 30 9 50 20 15 7 28 34 3 38 8
15 37 40 25 26 37 25 24 0 42 16 48 35 25 30 33 23 50 24 43
24 35 26 43 5 33 21 30 42 0 32 44 34 46 3 37 5 19 31 43
21 7 8 46 10 41 10 9 16 32 0 40 35 14 45 25 19 24 18 39
12 48 47 36 17 34 24 50 48 44 40 0 31 3 43 35 38 20 19 10
7 25 19 5 47 13 26 20 35 34 35 31 0 44 47 38 40 17 46 39
13 9 22 40 25 25 38 15 25 46 14 3 44 0 33 32 44 12 20 43
35 8 3 10 42 8 50 7 30 3 45 43 47 33 0 1 44 25 2 47
14 29 33 38 29 24 40 28 33 37 25 35 38 32 1 0 40 27 30 26
30 22 14 30 9 15 15 34 23 5 19 38 40 44 44 40 0 22 32 39
46 26 30 20 46 49 12 3 50 19 24 20 17 12 25 27 22 0 6 19
38 16 7 18 2 35 41 38 24 31 18 19 46 20 2 30 32 6 0 33
16 47 4 39 28 22 23 8 43 43 39 10 39 43 47 26 39 19 33 0